NUMBER OF ZOOM LINES
7

NUMBER OF FOCUS LINES
2

FOCUS LINES PERCENTAGES
0
100

CENTER SHIFT XY FIX
 0,0000; 0,0000

CENTER SHIFT XY FLOAT
0,0000; 0,0000
0,0000; 0,0000
0,0000; 0,0000
0,0000; 0,0000
0,0000; 0,0000
0,0000; 0,0000
0,0000; 0,0000

CALIB TABLE
 Z   F   FOV       AR           N        K1           K2            K3
 0;  0;  90,46;    1,7778;     25,80;    0,006580;   -0,00017000;    0,0000000000;
 0;  1;  90,47;    1,7778;     25,81;    0,006570;   -0,00016000;    0,0000000000;
 1;  0;  74,94;    1,7778;     25,11;    0,000280;   -0,00003000;    0,0000000000;
 1;  1;  75,17;    1,7778;     25,38;    0,001510;   -0,00006000;    0,0000000000;
 2;  0;  56,35;    1,7778;     24,71;   -0,000960;   -0,00002000;    0,0000000000;
 2;  1;  57,78;    1,7778;     24,59;   -0,000960;   -0,00001000;    0,0000000000;
 3;  0;  38,32;    1,7778;     23,90;   -0,000020;   -0,00007000;    0,0000000000;
 3;  1;  40,48;    1,7778;     23,70;   -0,001050;   -0,00002000;    0,0000000000;
 4;  0;  24,12;    1,7778;     23,85;   -0,001780;    0,00000000;    0,0000000000;
 4;  1;  26,24;    1,7778;     22,45;   -0,001180;    0,00000000;    0,0000000000;
 5;  0;  13,54;    1,7778;     19,63;   -0,000010;    0,00000000;    0,0000000000;
 5;  1;  16,17;    1,7778;     21,46;   -0,000840;    0,00000000;    0,0000000000;
 6;  0;   8,12;    1,7778;     20,00;    0,000000;    0,00000000;    0,0000000000;
 6;  1;  10,15;    1,7778;     20,00;   -0,000630;    0,00000000;    0,0000000000;

DOF (PERCENT 0-CLOSEST; DISTANCE [m])
   0,00;      0,40
END DOF

SENSOR_WIDTH [mm]
   9,59
END SENSOR_WIDTH

