NUMBER OF ZOOM LINES
7

NUMBER OF FOCUS LINES
2

FOCUS LINES PERCENTAGES
0
100

CENTER SHIFT XY FIX
 0,0000; 0,0000

CENTER SHIFT XY FLOAT
0,0000; 0,0000
0,0000; 0,0000
0,0000; 0,0000
0,0000; 0,0000
0,0000; 0,0000
0,0000; 0,0000
0,0000; 0,0000

CALIB TABLE
 Z   F   FOV       AR           N        K1           K2            K3
 0;  0;  54,12;    1,7778;     24,86;    0,001530;   -0,00005000;    0,0000000000;
 0;  1;  60,76;    1,7778;     27,34;    0,003220;   -0,00000000;    0,0000000000;
 1;  0;  41,82;    1,7778;     20,67;   -0,001130;   -0,00001000;    0,0000000000;
 1;  1;  48,10;    1,7778;     23,41;    0,000530;   -0,00003000;    0,0000000000;
 2;  0;  28,55;    1,7778;     11,19;   -0,002030;    0,00000000;    0,0000000000;
 2;  1;  33,87;    1,7778;     12,51;   -0,001090;    0,00000000;    0,0000000000;
 3;  0;  17,25;    1,7778;      9,68;   -0,001690;   -0,00001000;    0,0000000000;
 3;  1;  21,85;    1,7778;      9,30;   -0,000900;    0,00000000;    0,0000000000;
 4;  0;   8,17;    1,7778;      2,17;   -0,000010;    0,00000000;    0,0000000000;
 4;  1;  12,26;    1,7778;      2,29;   -0,000490;    0,00000000;    0,0000000000;
 5;  0;   3,18;    1,7778;    -15,57;   -0,000010;    0,00000000;    0,0000000000;
 5;  1;   6,43;    1,7778;    -15,41;    0,000000;    0,00000000;    0,0000000000;
 6;  0;   0,57;    1,7778;    -31,34;    0,000000;    0,00000000;    0,0000000000;
 6;  1;   3,65;    1,7778;    -31,38;    0,000000;    0,00000000;    0,0000000000;

DOF (PERCENT 0-CLOSEST; DISTANCE [m])
   0,00;      0,40
  60,79;     14,67
END DOF

SENSOR_WIDTH [mm]
   9,60
END SENSOR_WIDTH

