NUMBER OF ZOOM LINES
7

NUMBER OF FOCUS LINES
2

FOCUS LINES PERCENTAGES
0
100

CENTER SHIFT XY FIX
 0,0000; 0,0000

CENTER SHIFT XY FLOAT
0,0000; 0,0000
0,0000; 0,0000
0,0000; 0,0000
0,0000; 0,0000
0,0000; 0,0000
0,0000; 0,0000
0,0000; 0,0000

CALIB TABLE
 Z   F   FOV       AR           N        K1           K2            K3
 0;  0;  81,92;    1,7778;     25,41;   -0,002530;    0,00016000;    0,0000000000;
 0;  1;  81,33;    1,7778;     25,41;   -0,002750;    0,00020000;    0,0000000000;
 1;  0;  66,15;    1,7778;     25,41;   -0,000640;    0,00018000;    0,0000000000;
 1;  1;  66,15;    1,7778;     25,41;   -0,000760;    0,00016000;    0,0000000000;
 2;  0;  48,85;    1,7778;     25,41;   -0,000150;    0,00022000;    0,0000000000;
 2;  1;  49,87;    1,7778;     25,41;    0,000090;    0,00014000;    0,0000000000;
 3;  0;  33,84;    1,7778;     25,41;    0,001100;    0,00000000;    0,0000000000;
 3;  1;  35,18;    1,7778;     25,41;    0,001100;    0,00000000;    0,0000000000;
 4;  0;  21,02;    1,7778;     25,41;    0,000430;    0,00000000;    0,0000000000;
 4;  1;  23,03;    1,7778;     25,41;    0,000760;    0,00000000;    0,0000000000;
 5;  0;  12,56;    1,7778;     25,41;    0,000120;    0,00000000;    0,0000000000;
 5;  1;  14,03;    1,7778;     25,41;    0,000120;    0,00000000;    0,0000000000;
 6;  0;   8,22;    1,7778;     25,41;    0,000000;    0,00000000;    0,0000000000;
 6;  1;   9,31;    1,7778;     25,41;   -0,000270;    0,00000000;    0,0000000000;

DOF (PERCENT 0-CLOSEST; DISTANCE [m])
   0,00;      0,40
END DOF

SENSOR_WIDTH [mm]
   9,60
END SENSOR_WIDTH

