NUMBER OF ZOOM LINES
7

NUMBER OF FOCUS LINES
2

FOCUS LINES PERCENTAGES
0
100

CENTER SHIFT XY FIX
 0,2838; 0,0029

CENTER SHIFT XY FLOAT
0,0000; 0,0000
0,0000; 0,0000
0,0000; 0,0000
0,0000; 0,0000
0,0000; 0,0000
0,0000; 0,0000
0,0000; 0,0000

CALIB TABLE
 Z   F   FOV       AR           N        K1           K2            K3
 0;  0;  88,77;    1,7778;     26,42;    0,004210;   -0,00008000;    0,0000000000;
 0;  1;  89,07;    1,7778;     25,27;    0,004490;   -0,00010000;    0,0000000000;
 1;  0;  69,44;    1,7778;     25,71;   -0,001020;    0,00000000;    0,0000000000;
 1;  1;  69,72;    1,7778;     25,04;   -0,000660;    0,00001000;    0,0000000000;
 2;  0;  52,09;    1,7778;     24,88;   -0,002170;    0,00000000;    0,0000000000;
 2;  1;  52,46;    1,7778;     24,88;   -0,001220;    0,00000000;    0,0000000000;
 3;  0;  35,37;    1,7778;     24,88;   -0,001510;    0,00000000;    0,0000000000;
 3;  1;  37,67;    1,7778;     24,88;   -0,002030;    0,00000000;    0,0000000000;
 4;  0;  20,82;    1,7778;     25,04;   -0,001940;    0,00000000;    0,0000000000;
 4;  1;  22,53;    1,7778;     23,23;   -0,001000;    0,00000000;    0,0000000000;
 5;  0;  11,69;    1,7778;     21,84;   -0,000960;    0,00000000;    0,0000000000;
 5;  1;  13,77;    1,7778;     21,84;   -0,001000;    0,00000000;    0,0000000000;
 6;  0;   6,33;    1,7778;     21,84;    0,000000;    0,00000000;    0,0000000000;
 6;  1;   8,20;    1,7778;     19,14;    0,000000;    0,00000000;    0,0000000000;

DOF (PERCENT 0-CLOSEST; DISTANCE [m])
   0,00;      0,00
   7,09;      0,30
  25,41;      0,40
  38,36;      0,50
  53,05;      0,70
  71,77;      1,30
  81,57;      2,50
  86,72;      5,00
  94,05;     19,99
END DOF

SENSOR_WIDTH [mm]
   9,59
END SENSOR_WIDTH

