NUMBER OF ZOOM LINES
7

NUMBER OF FOCUS LINES
2

FOCUS LINES PERCENTAGES
0
100

CENTER SHIFT XY FIX
 0,0000;-0,0468

CENTER SHIFT XY FLOAT
0,0000; 0,0000
0,0000; 0,0000
0,0000; 0,0000
0,0000; 0,0000
0,0000; 0,0000
0,0000; 0,0000
0,0000; 0,0000

CALIB TABLE
 Z   F   FOV       AR           N        K1           K2            K3
 0;  0;  80,33;    1,7778;     24,88;    0,000820;    0,00000000;    0,0000000000;
 0;  1;  79,59;    1,7778;     23,70;    0,002290;    0,00000000;    0,0000000000;
 1;  0;  72,33;    1,7778;     24,55;    0,000430;    0,00000000;    0,0000000000;
 1;  1;  72,59;    1,7778;     23,38;    0,000310;    0,00000000;    0,0000000000;
 2;  0;  65,47;    1,7778;     23,58;   -0,000210;    0,00000000;    0,0000000000;
 2;  1;  65,73;    1,7778;     23,74;    0,000030;    0,00000000;    0,0000000000;
 3;  0;  59,32;    1,7778;     21,41;    0,000340;    0,00000000;    0,0000000000;
 3;  1;  60,86;    1,7778;     24,04;   -0,000490;    0,00000000;    0,0000000000;
 4;  0;  51,57;    1,7778;     23,21;   -0,000150;    0,00000000;    0,0000000000;
 4;  1;  52,22;    1,7778;     22,35;   -0,000090;    0,00000000;    0,0000000000;
 5;  0;  46,57;    1,7778;     22,18;    0,000000;    0,00000000;    0,0000000000;
 5;  1;  47,89;    1,7778;     22,35;   -0,000340;    0,00000000;    0,0000000000;
 6;  0;  40,49;    1,7778;     23,15;    0,000000;    0,00000000;    0,0000000000;
 6;  1;  41,67;    1,7778;     23,46;   -0,000370;    0,00000000;    0,0000000000;

DOF (PERCENT 0-CLOSEST; DISTANCE [m])
   0,00;      0,11
   2,44;      0,60
  11,83;      0,63
  30,12;      0,70
  51,86;      1,01
  76,30;      2,00
  83,37;      3,01
  88,51;      5,00
  92,07;     10,00
END DOF

SENSOR_WIDTH [mm]
  25,34
END SENSOR_WIDTH

