NUMBER OF ZOOM LINES
13

NUMBER OF FOCUS LINES
4

FOCUS LINES PERCENTAGES
0
49,9961
80,0083
100

CENTER SHIFT XY FIX
 0,0756; 0,0020

CENTER SHIFT XY FLOAT
-0,0002; 0,0000
0,0003; 0,0019
0,0017; 0,0035
0,0041; 0,0036
0,0047; 0,0032
0,0043; 0,0050
0,0033;-0,0002
0,0038; 0,0015
0,0025;-0,0001
0,0068; 0,0045
0,0033; 0,0039
0,0052; 0,0000
0,0000; 0,0000

CALIB TABLE
 Z   F   FOV       AR           N        K1           K2            K3
 0;  0;  54,39;    1,7778;     19,26;    0,000642;   -0,00004833;    0,0000000000;
 0;  1;  57,00;    1,7778;     20,26;    0,001410;   -0,00004290;    0,0000000000;
 0;  2;  59,80;    1,7778;     20,55;    0,002865;   -0,00002995;    0,0000000000;
 0;  3;  61,51;    1,7778;     21,42;    0,003812;   -0,00000891;    0,0000000000;
 1;  0;  44,33;    1,7778;     17,07;   -0,001007;   -0,00002647;    0,0000000000;
 1;  1;  47,03;    1,7778;     18,22;   -0,000566;   -0,00002996;    0,0000000000;
 1;  2;  49,62;    1,7778;     18,60;    0,000725;   -0,00003342;    0,0000000000;
 1;  3;  51,42;    1,7778;     19,88;    0,001285;   -0,00002494;    0,0000000000;
 2;  0;  34,20;    1,7778;     14,15;   -0,001476;   -0,00001787;    0,0000000000;
 2;  1;  36,89;    1,7778;     15,13;   -0,001581;   -0,00001168;    0,0000000000;
 2;  2;  39,37;    1,7778;     16,25;   -0,000876;   -0,00000863;    0,0000000000;
 2;  3;  40,98;    1,7778;     17,67;   -0,000354;   -0,00000864;    0,0000000000;
 3;  0;  26,13;    1,7778;      9,86;   -0,001684;   -0,00000269;    0,0000000000;
 3;  1;  28,77;    1,7778;     12,29;   -0,001743;   -0,00000714;    0,0000000000;
 3;  2;  31,02;    1,7778;     13,50;   -0,001027;   -0,00001069;    0,0000000000;
 3;  3;  32,45;    1,7778;     14,41;   -0,000697;   -0,00001159;    0,0000000000;
 4;  0;  19,63;    1,7778;      5,79;   -0,001702;    0,00000664;    0,0000000000;
 4;  1;  22,11;    1,7778;      8,79;   -0,001678;   -0,00000482;    0,0000000000;
 4;  2;  24,15;    1,7778;     10,65;   -0,001085;   -0,00000690;    0,0000000000;
 4;  3;  25,48;    1,7778;     12,14;   -0,001023;   -0,00000761;    0,0000000000;
 5;  0;  14,47;    1,7778;      1,92;   -0,001350;    0,00000082;    0,0000000000;
 5;  1;  16,82;    1,7778;      3,92;   -0,001471;    0,00000052;    0,0000000000;
 5;  2;  18,71;    1,7784;      7,12;   -0,001296;    0,00000140;    0,0000000000;
 5;  3;  19,88;    1,7778;      9,30;   -0,001117;    0,00000282;    0,0000000000;
 6;  0;  10,54;    1,7778;     -9,69;   -0,001140;    0,00000000;    0,0000000000;
 6;  1;  12,77;    1,7778;     -0,60;   -0,001311;    0,00000240;    0,0000000000;
 6;  2;  14,51;    1,7778;      4,54;   -0,001202;    0,00001076;    0,0000000000;
 6;  3;  15,59;    1,7778;      5,82;   -0,000980;    0,00000073;    0,0000000000;
 7;  0;   7,39;    1,7778;    -10,45;   -0,000850;   -0,00000001;    0,0000000000;
 7;  1;   9,50;    1,7778;     -6,07;   -0,001015;    0,00000071;    0,0000000000;
 7;  2;  11,05;    1,7778;     -3,44;   -0,000902;   -0,00000040;    0,0000000000;
 7;  3;  12,06;    1,7778;      0,75;   -0,000810;    0,00000450;    0,0000000000;
 8;  0;   4,97;    1,7778;    -21,82;   -0,000575;    0,00000000;    0,0000000000;
 8;  1;   7,04;    1,7778;    -15,06;   -0,000596;    0,00000000;    0,0000000000;
 8;  2;   8,54;    1,7778;     -9,51;   -0,000755;    0,00000000;    0,0000000000;
 8;  3;   9,50;    1,7778;     -4,65;   -0,001233;    0,00002214;    0,0000000000;
 9;  0;   3,03;    1,7778;    -53,61;   -0,000252;    0,00000000;    0,0000000000;
 9;  1;   4,99;    1,7778;    -29,29;   -0,000270;   -0,00000000;    0,0000000000;
 9;  2;   6,37;    1,7778;    -20,79;   -0,000508;   -0,00000000;    0,0000000000;
 9;  3;   7,25;    1,7778;    -12,85;   -0,000465;   -0,00000000;    0,0000000000;
10;  0;   1,46;    1,7778;    -73,45;    0,000000;    0,00000000;    0,0000000000;
10;  1;   3,35;    1,7778;    -47,09;    0,000000;    0,00000000;    0,0000000000;
10;  2;   4,65;    1,7778;    -31,26;    0,000000;    0,00000000;    0,0000000000;
10;  3;   5,45;    1,7778;    -18,32;    0,000000;    0,00000000;    0,0000000000;
11;  0;   0,55;    1,7778;   -135,36;    0,000072;    0,00000000;    0,0000000000;
11;  1;   2,18;    1,7778;    -85,18;    0,000075;    0,00000000;    0,0000000000;
11;  2;   3,33;    1,7778;    -41,54;    0,000076;    0,00000000;    0,0000000000;
11;  3;   4,01;    1,7778;    -30,26;    0,000077;    0,00000000;    0,0000000000;
12;  0;   0,19;    1,7778;   -197,28;    0,000000;    0,00000000;    0,0000000000;
12;  1;   1,52;    1,7778;   -123,27;    0,000000;    0,00000000;    0,0000000000;
12;  2;   2,58;    1,7778;    -78,84;    0,000000;    0,00000000;    0,0000000000;
12;  3;   2,95;    1,7778;    -49,24;    0,000000;    0,00000000;    0,0000000000;

DOF (PERCENT 0-CLOSEST; DISTANCE [m])
   0,00;      1,05
  31,48;      1,45
  57,60;      2,18
  69,19;      2,99
  77,58;      4,19
  83,39;      5,77
  86,71;      7,60
  88,58;      9,32
  91,29;     13,37
  92,50;     16,91
END DOF

