NUMBER OF ZOOM LINES
13

NUMBER OF FOCUS LINES
3

FOCUS LINES PERCENTAGES
0
49,9489
100

CENTER SHIFT XY FIX
-0,0502;-0,0184

CENTER SHIFT XY FLOAT
0,0113; 0,0547
0,0175; 0,0689
0,0200; 0,0843
0,0254; 0,0975
0,0362; 0,1215
0,0471; 0,1635
0,0429; 0,2133
0,0559; 0,2486
0,0354; 0,3278
0,0792; 0,5005
0,1020; 0,5643
0,1203; 0,7758
0,1945; 1,0894

CALIB TABLE
 Z   F   FOV       AR           N        K1           K2            K3
 0;  0;  50,47;    1,7527;     24,96;    0,001874;   -0,00011772;    0,0000000000;
 0;  1;  52,40;    1,7761;     24,51;    0,003515;   -0,00012429;    0,0000000000;
 0;  2;  57,01;    1,7711;     23,40;    0,004309;   -0,00007195;    0,0000000000;
 1;  0;  40,62;    1,7652;     21,31;   -0,000220;   -0,00004833;    0,0000000000;
 1;  1;  43,14;    1,7721;     23,89;    0,000695;   -0,00007503;    0,0000000000;
 1;  2;  47,02;    1,7648;     20,25;    0,001579;   -0,00003859;    0,0000000000;
 2;  0;  31,33;    1,7778;     20,35;   -0,000990;   -0,00001621;    0,0000000000;
 2;  1;  33,73;    1,7681;     18,55;   -0,000960;   -0,00002653;    0,0000000000;
 2;  2;  37,54;    1,7585;     21,15;    0,000603;   -0,00004944;    0,0000000000;
 3;  0;  23,62;    1,7778;     11,90;   -0,001466;   -0,00000739;    0,0000000000;
 3;  1;  26,00;    1,7730;     14,97;   -0,000864;   -0,00001323;    0,0000000000;
 3;  2;  29,90;    1,7681;     23,81;   -0,000330;   -0,00000096;    0,0000000000;
 4;  0;  17,47;    1,7778;      6,51;   -0,001363;   -0,00001000;    0,0000000000;
 4;  1;  19,93;    1,7778;     10,60;   -0,001180;   -0,00000253;    0,0000000000;
 4;  2;  23,49;    1,7778;     18,43;   -0,001586;    0,00001815;    0,0000000000;
 5;  0;  13,02;    1,7778;      0,22;   -0,000626;   -0,00002711;    0,0000000000;
 5;  1;  15,05;    1,7778;      6,57;   -0,001149;    0,00000021;    0,0000000000;
 5;  2;  17,99;    1,7778;      8,91;   -0,001673;    0,00002759;    0,0000000000;
 6;  0;   9,37;    1,7778;      7,97;    0,000140;   -0,00004000;    0,0000000000;
 6;  1;  11,10;    1,7778;     -9,19;   -0,000555;    0,00007798;    0,0000000000;
 6;  2;  14,36;    1,7778;     11,59;   -0,001920;    0,00004000;    0,0000000000;
 7;  0;   6,84;    1,7778;      3,99;    0,000164;   -0,00002188;    0,0000000000;
 7;  1;   8,86;    1,7778;      3,16;   -0,000575;    0,00000014;    0,0000000000;
 7;  2;  10,98;    1,7778;      2,33;   -0,001018;    0,00002219;    0,0000000000;
 8;  0;   5,14;    1,7778;      0,00;    0,000000;    0,00000000;    0,0000000000;
 8;  1;   6,79;    1,7778;      0,00;    0,000000;    0,00000000;    0,0000000000;
 8;  2;   8,55;    1,7778;      0,00;    0,000000;    0,00000000;    0,0000000000;
 9;  0;   4,55;    1,7778;      0,00;   -0,000009;    0,00000250;    0,0000000000;
 9;  1;   5,44;    1,7778;      0,00;    0,000056;    0,00000000;    0,0000000000;
 9;  2;   6,33;    1,7778;      0,00;    0,000120;   -0,00000250;    0,0000000000;
10;  0;   3,99;    1,7778;      0,00;    0,000000;    0,00000000;    0,0000000000;
10;  1;   4,12;    1,7778;      0,00;    0,000000;    0,00000000;    0,0000000000;
10;  2;   4,78;    1,7778;      0,00;    0,000000;    0,00000000;    0,0000000000;
11;  0;   3,36;    1,7778;      0,00;    0,000000;    0,00000000;    0,0000000000;
11;  1;   3,22;    1,7778;      0,00;    0,000000;    0,00000000;    0,0000000000;
11;  2;   3,52;    1,7778;      0,00;    0,000000;    0,00000000;    0,0000000000;
12;  0;   2,69;    1,7778;      0,00;    0,000000;    0,00000000;    0,0000000000;
12;  1;   2,52;    1,7778;      0,00;    0,000000;    0,00000000;    0,0000000000;
12;  2;   2,43;    1,7778;      0,00;    0,000000;    0,00000000;    0,0000000000;

DOF (PERCENT 0-CLOSEST; DISTANCE [m])
   0,00;      1,04
  16,80;      1,19
  52,42;      1,96
  70,16;      3,09
  79,13;      4,55
  84,03;      6,11
  86,38;      7,55
  87,88;      8,67
  90,63;     12,55
  93,73;     19,98
END DOF

SENSOR_WIDTH [mm]
   9,60
END SENSOR_WIDTH

