NUMBER OF ZOOM LINES
13

NUMBER OF FOCUS LINES
4

FOCUS LINES PERCENTAGES
0
49,9961
80,0083
100

CENTER SHIFT XY FIX
 0,0221; 0,0045

CENTER SHIFT XY FLOAT
-0,0003; 0,0000
0,0105; 0,0036
0,0114; 0,0046
0,0104; 0,0089
0,0090; 0,0071
0,0126; 0,0047
0,0103; 0,0058
0,0140; 0,0042
0,0137; 0,0024
0,0070; 0,0045
0,0033; 0,0039
0,0052; 0,0000
0,0000; 0,0000

CALIB TABLE
 Z   F   FOV       AR           N        K1           K2            K3
 0;  0;  54,18;    1,7778;     19,26;    0,000642;   -0,00004997;    0,0000000000;
 0;  1;  56,86;    1,7778;     20,00;    0,001442;   -0,00004642;    0,0000000000;
 0;  2;  59,55;    1,7778;     20,29;    0,002967;   -0,00003203;    0,0000000000;
 0;  3;  61,33;    1,7778;     21,42;    0,003744;   -0,00000891;    0,0000000000;
 1;  0;  44,15;    1,7778;     17,07;   -0,001014;   -0,00002885;    0,0000000000;
 1;  1;  46,90;    1,7778;     18,02;   -0,000535;   -0,00003108;    0,0000000000;
 1;  2;  49,74;    1,7778;     18,60;    0,000374;   -0,00002934;    0,0000000000;
 1;  3;  51,25;    1,7778;     19,08;    0,001134;   -0,00002323;    0,0000000000;
 2;  0;  34,23;    1,7778;     14,15;   -0,001579;   -0,00001441;    0,0000000000;
 2;  1;  36,94;    1,7778;     15,13;   -0,001611;   -0,00001200;    0,0000000000;
 2;  2;  39,41;    1,7778;     16,45;   -0,000985;   -0,00000816;    0,0000000000;
 2;  3;  40,96;    1,7778;     17,46;   -0,000439;   -0,00000919;    0,0000000000;
 3;  0;  26,06;    1,7778;     11,32;   -0,001648;   -0,00000524;    0,0000000000;
 3;  1;  28,71;    1,7778;     12,29;   -0,001854;   -0,00000582;    0,0000000000;
 3;  2;  30,93;    1,7778;     13,68;   -0,001240;   -0,00001079;    0,0000000000;
 3;  3;  32,33;    1,7778;     14,41;   -0,000725;   -0,00001266;    0,0000000000;
 4;  0;  19,61;    1,7778;      5,79;   -0,001712;    0,00000672;    0,0000000000;
 4;  1;  22,10;    1,7778;      8,79;   -0,001688;   -0,00000104;    0,0000000000;
 4;  2;  24,18;    1,7778;     11,02;   -0,001301;   -0,00000860;    0,0000000000;
 4;  3;  25,48;    1,7778;     12,14;   -0,001087;   -0,00000266;    0,0000000000;
 5;  0;  14,50;    1,7778;      1,92;   -0,001355;    0,00000083;    0,0000000000;
 5;  1;  16,75;    1,7778;      3,92;   -0,001316;   -0,00000372;    0,0000000000;
 5;  2;  18,67;    1,7784;      7,65;   -0,001193;   -0,00000090;    0,0000000000;
 5;  3;  19,87;    1,7778;      9,30;   -0,001140;    0,00000365;    0,0000000000;
 6;  0;  10,41;    1,7778;     -9,69;   -0,001020;    0,00000000;    0,0000000000;
 6;  1;  12,69;    1,7778;     -0,60;   -0,001284;    0,00000240;    0,0000000000;
 6;  2;  14,42;    1,7778;      3,13;   -0,001214;    0,00000422;    0,0000000000;
 6;  3;  15,49;    1,7778;      5,82;   -0,000878;    0,00000016;    0,0000000000;
 7;  0;   7,39;    1,7778;    -10,45;   -0,000850;   -0,00000001;    0,0000000000;
 7;  1;   9,44;    1,7778;     -6,07;   -0,000815;    0,00000071;    0,0000000000;
 7;  2;  11,03;    1,7778;     -2,86;   -0,001085;   -0,00000023;    0,0000000000;
 7;  3;  12,01;    1,7778;      0,75;   -0,000821;    0,00000023;    0,0000000000;
 8;  0;   4,97;    1,7778;    -21,82;   -0,000575;    0,00000000;    0,0000000000;
 8;  1;   7,00;    1,7778;    -15,06;   -0,000596;    0,00000000;    0,0000000000;
 8;  2;   8,48;    1,7778;     -9,51;   -0,000601;    0,00000000;    0,0000000000;
 8;  3;   9,46;    1,7778;     -4,65;   -0,001263;    0,00002214;    0,0000000000;
 9;  0;   3,03;    1,7778;    -53,61;   -0,000252;    0,00000000;    0,0000000000;
 9;  1;   4,99;    1,7778;    -29,29;   -0,000270;   -0,00000000;    0,0000000000;
 9;  2;   6,34;    1,7778;    -20,79;   -0,000525;   -0,00000000;    0,0000000000;
 9;  3;   7,24;    1,7778;    -12,85;   -0,000565;   -0,00000000;    0,0000000000;
10;  0;   1,46;    1,7778;    -73,45;    0,000000;    0,00000000;    0,0000000000;
10;  1;   3,35;    1,7778;    -47,09;    0,000000;    0,00000000;    0,0000000000;
10;  2;   4,62;    1,7778;    -28,59;    0,000000;    0,00000000;    0,0000000000;
10;  3;   5,41;    1,7778;    -18,32;    0,000000;    0,00000000;    0,0000000000;
11;  0;   0,55;    1,7778;   -135,36;    0,000072;    0,00000000;    0,0000000000;
11;  1;   2,18;    1,7778;    -85,18;    0,000075;    0,00000000;    0,0000000000;
11;  2;   3,33;    1,7778;    -41,54;    0,000076;    0,00000000;    0,0000000000;
11;  3;   4,00;    1,7778;    -30,26;    0,000077;    0,00000000;    0,0000000000;
12;  0;   0,19;    1,7778;   -197,28;    0,000000;    0,00000000;    0,0000000000;
12;  1;   1,52;    1,7778;   -123,27;    0,000000;    0,00000000;    0,0000000000;
12;  2;   2,48;    1,7778;    -44,26;    0,000000;    0,00000000;    0,0000000000;
12;  3;   2,95;    1,7778;    -49,24;    0,000000;    0,00000000;    0,0000000000;

DOF (PERCENT 0-CLOSEST; DISTANCE [m])
   0,00;      1,05
  31,48;      1,45
  57,60;      2,18
  69,19;      2,99
  77,58;      4,19
  83,39;      5,77
  86,71;      7,60
  88,58;      9,32
  91,29;     13,37
  92,50;     16,91
END DOF

