NUMBER OF ZOOM LINES
7

NUMBER OF FOCUS LINES
2

FOCUS LINES PERCENTAGES
0
100

CENTER SHIFT XY FIX
-0,0101;-0,0112

CENTER SHIFT XY FLOAT
0,0000; 0,0000
0,0000; 0,0000
0,0000; 0,0000
0,0000; 0,0000
0,0000; 0,0000
0,0000; 0,0000
0,0000; 0,0000

CALIB TABLE
 Z   F   FOV       AR           N        K1           K2            K3
 0;  0;  76,74;    1,7778;     24,88;    0,000820;    0,00000000;    0,0000000000;
 0;  1;  76,02;    1,7778;     23,70;    0,002290;    0,00000000;    0,0000000000;
 1;  0;  73,55;    1,7778;     24,55;    0,000430;    0,00000000;    0,0000000000;
 1;  1;  73,81;    1,7778;     23,38;    0,000310;    0,00000000;    0,0000000000;
 2;  0;  65,63;    1,7778;     23,58;   -0,000210;    0,00000000;    0,0000000000;
 2;  1;  65,89;    1,7778;     23,74;    0,000030;    0,00000000;    0,0000000000;
 3;  0;  57,24;    1,7778;     21,41;    0,000340;    0,00000000;    0,0000000000;
 3;  1;  58,75;    1,7778;     24,04;   -0,000490;    0,00000000;    0,0000000000;
 4;  0;  50,90;    1,7778;     23,21;   -0,000150;    0,00000000;    0,0000000000;
 4;  1;  51,54;    1,7778;     22,35;   -0,000090;    0,00000000;    0,0000000000;
 5;  0;  44,08;    1,7778;     22,18;    0,000000;    0,00000000;    0,0000000000;
 5;  1;  45,34;    1,7778;     22,35;   -0,000340;    0,00000000;    0,0000000000;
 6;  0;  38,65;    1,7778;     23,15;    0,000000;    0,00000000;    0,0000000000;
 6;  1;  39,79;    1,7778;     23,46;   -0,000370;    0,00000000;    0,0000000000;

DOF (PERCENT 0-CLOSEST; DISTANCE [m])
   0,00;      0,40
END DOF

SENSOR_WIDTH [mm]
   9,60
END SENSOR_WIDTH

