NUMBER OF ZOOM LINES
7

NUMBER OF FOCUS LINES
2

FOCUS LINES PERCENTAGES
0
100

CENTER SHIFT XY FIX
 0,0000; 0,0000

CENTER SHIFT XY FLOAT
0,0000; 0,0000
0,0000; 0,0000
0,0000; 0,0000
0,0000; 0,0000
0,0000; 0,0000
0,0000; 0,0000
0,0000; 0,0000

CALIB TABLE
 Z   F   FOV       AR           N        K1           K2            K3
 0;  0;  84,00;    1,7778;     21,00;    0,000000;    0,00000000;    0,0000000000;
 0;  1;  84,00;    1,7778;     22,00;    0,000000;   -0,00000000;    0,0000000000;
 1;  0;  72,00;    1,7778;     21,00;    0,000000;   -0,00000000;    0,0000000000;
 1;  1;  72,00;    1,7778;     21,00;    0,000000;   -0,00000000;    0,0000000000;
 2;  0;  60,00;    1,7778;     22,00;    0,000000;   -0,00000000;    0,0000000000;
 2;  1;  60,00;    1,7778;     22,00;    0,000000;   -0,00000000;    0,0000000000;
 3;  0;  48,00;    1,7778;     21,00;   -0,000000;   -0,00000000;    0,0000000000;
 3;  1;  48,00;    1,7778;     21,00;    0,000000;    0,00000000;    0,0000000000;
 4;  0;  36,00;    1,7778;     21,00;   -0,000000;    0,00000000;    0,0000000000;
 4;  1;  36,00;    1,7778;     21,00;   -0,000000;    0,00000000;    0,0000000000;
 5;  0;  24,00;    1,7778;     21,00;    0,000000;    0,00000000;    0,0000000000;
 5;  1;  24,00;    1,7778;     21,00;    0,000000;    0,00000000;    0,0000000000;
 6;  0;  12,00;    1,7778;     21,00;    0,000000;    0,00000000;    0,0000000000;
 6;  1;  12,00;    1,7778;     21,00;    0,000000;    0,00000000;    0,0000000000;

DOF (PERCENT 0-CLOSEST; DISTANCE [m])
   0,00;      0,40
END DOF

SENSOR_WIDTH [mm]
   9,60
END SENSOR_WIDTH

