NUMBER OF ZOOM LINES
7

NUMBER OF FOCUS LINES
2

FOCUS LINES PERCENTAGES
0
100

CENTER SHIFT XY FIX
 0,0000;-0,1393

CENTER SHIFT XY FLOAT
0,0000; 0,0000
0,0000; 0,0000
0,0000; 0,0000
0,0000; 0,0000
0,0000; 0,0000
0,0000; 0,0000
0,0000; 0,0000

CALIB TABLE
 Z   F   FOV       AR           N        K1           K2            K3
 0;  0;  68,54;    1,7778;     23,61;    0,002270;   -0,00003000;    0,0000000000;
 0;  1;  68,44;    1,7778;     23,93;    0,002710;   -0,00002000;    0,0000000000;
 1;  0;  53,96;    1,7778;     24,94;    0,000630;   -0,00003000;    0,0000000000;
 1;  1;  54,23;    1,7778;     22,38;    0,001060;   -0,00002000;    0,0000000000;
 2;  0;  42,19;    1,7778;     22,37;   -0,000020;   -0,00003000;    0,0000000000;
 2;  1;  43,38;    1,7778;     23,17;   -0,000020;   -0,00001000;    0,0000000000;
 3;  0;  33,02;    1,7778;     22,90;   -0,000830;    0,00000000;    0,0000000000;
 3;  1;  34,39;    1,7778;     22,01;   -0,000340;    0,00000000;    0,0000000000;
 4;  0;  25,99;    1,7778;     23,01;   -0,001120;    0,00000000;    0,0000000000;
 4;  1;  27,78;    1,7778;     22,58;   -0,001010;    0,00000000;    0,0000000000;
 5;  0;  20,53;    1,7778;     22,24;   -0,001490;    0,00000000;    0,0000000000;
 5;  1;  22,17;    1,7778;     22,72;   -0,000560;    0,00000000;    0,0000000000;
 6;  0;  15,35;    1,7778;     26,84;   -0,001660;    0,00000000;    0,0000000000;
 6;  1;  18,05;    1,7778;     20,88;   -0,001340;    0,00000000;    0,0000000000;

DOF (PERCENT 0-CLOSEST; DISTANCE [m])
   0,00;      0,70
   3,50;      0,94
  18,92;      1,02
  32,31;      1,13
  47,43;      1,31
  59,57;      1,58
  69,30;      2,04
  76,09;      2,62
  82,87;      3,76
  90,47;      9,95
END DOF

SENSOR_WIDTH [mm]
   9,60
END SENSOR_WIDTH

