 newLensFormat14
fullLensType Canon
disToTarget 0.000000
focusPointes 7
zoomPointes 11
lensWideVal 7.000000
lensFactorVal 21.500000
numberOfPointes 77 4 
0.4959 0.0006 56.7681 0.0000 0.0 0.0 
0.0000 0.0006 55.0050 0.0000 0.0 0.0 
0.9994 0.0006 58.8455 0.0000 0.0 0.0 
0.4994 0.5011 22.2803 0.0000 0.0 0.0 
0.0000 0.5011 22.8321 0.0000 0.0 0.0 
0.9994 0.5011 21.8780 0.0000 0.0 0.0 
0.0000 1.0000 2.8977 0.0000 0.0 0.0 
0.5033 1.0000 1.8368 0.0000 0.0 0.0 
0.9994 1.0000 0.9564 0.0000 0.0 0.0 
0.1658 1.0000 2.5615 0.0000 0.0 0.0 
0.3405 1.0000 2.2206 0.0000 0.0 0.0 
0.6782 1.0000 1.4723 0.0000 0.0 0.0 
0.5063 0.9036 3.5891 0.0000 0.0 0.0 
0.3361 0.9036 3.9794 0.0000 0.0 0.0 
0.1593 0.9036 4.3781 0.0000 0.0 0.0 
0.0000 0.9036 4.7387 0.0000 0.0 0.0 
0.6802 0.9036 3.1649 0.0000 0.0 0.0 
0.8363 0.9036 2.8013 0.0000 0.0 0.0 
0.9992 0.9036 2.3908 0.0000 0.0 0.0 
0.4969 0.7915 6.7857 0.0000 0.0 0.0 
0.3253 0.7915 7.1953 0.0000 0.0 0.0 
0.1617 0.7915 7.5928 0.0000 0.0 0.0 
0.0000 0.7915 8.0299 0.0000 0.0 0.0 
0.6702 0.7915 6.3700 0.0000 0.0 0.0 
0.8394 0.7915 6.0028 0.0000 0.0 0.0 
0.9992 0.7915 5.5776 0.0000 0.0 0.0 
0.5019 0.6953 10.7580 0.0000 0.0 0.0 
0.3327 0.6953 11.1129 0.0000 0.0 0.0 
0.1603 0.6953 11.4991 0.0000 0.0 0.0 
0.0000 0.6953 11.9151 0.0000 0.0 0.0 
0.6719 0.6953 10.3724 0.0000 0.0 0.0 
0.8265 0.6953 10.0403 0.0000 0.0 0.0 
0.9992 0.6953 9.6578 0.0000 0.0 0.0 
0.4981 0.5956 16.1600 0.0000 0.0 0.0 
0.3282 0.5956 16.4734 0.0000 0.0 0.0 
0.1672 0.5956 16.7709 0.0000 0.0 0.0 
0.0000 0.5956 17.0748 0.0000 0.0 0.0 
0.6736 0.5956 15.8540 0.0000 0.0 0.0 
0.8388 0.5956 15.5758 0.0000 0.0 0.0 
0.9991 0.5956 15.3254 0.0000 0.0 0.0 
0.3284 0.4962 22.6988 0.0000 0.0 0.0 
0.1606 0.4962 23.0035 0.0000 0.0 0.0 
0.6683 0.4962 22.3798 0.0000 0.0 0.0 
0.8446 0.4962 22.2608 0.0000 0.0 0.0 
0.5002 0.3924 30.1924 0.0000 0.0 0.0 
0.3297 0.3924 30.1409 0.0000 0.0 0.0 
0.1716 0.3924 30.1850 0.0000 0.0 0.0 
0.0000 0.3924 30.2684 0.0000 0.0 0.0 
0.6697 0.3924 30.1100 0.0000 0.0 0.0 
0.8334 0.3924 30.1930 0.0000 0.0 0.0 
0.9991 0.3924 30.1711 0.0000 0.0 0.0 
0.5002 0.2987 37.1435 0.0000 0.0 0.0 
0.3320 0.2987 37.2884 0.0000 0.0 0.0 
0.1673 0.2987 36.9783 0.0000 0.0 0.0 
0.0000 0.2987 36.9651 0.0000 0.0 0.0 
0.6645 0.2987 37.4407 0.0000 0.0 0.0 
0.8385 0.2987 37.7558 0.0000 0.0 0.0 
0.9989 0.2987 37.8361 0.0000 0.0 0.0 
0.4992 0.1945 44.9328 0.0000 0.0 0.0 
0.3320 0.1945 44.5667 0.0000 0.0 0.0 
0.1637 0.1945 44.2363 0.0000 0.0 0.0 
0.0000 0.1945 44.0049 0.0000 0.0 0.0 
0.6552 0.1945 45.2224 0.0000 0.0 0.0 
0.8375 0.1945 45.6321 0.0000 0.0 0.0 
0.9989 0.1945 46.1951 0.0000 0.0 0.0 
0.4994 0.0977 51.3548 0.0000 0.0 0.0 
0.3270 0.0977 50.9123 0.0000 0.0 0.0 
0.1658 0.0977 50.5501 0.0000 0.0 0.0 
0.0000 0.0977 50.1329 0.0000 0.0 0.0 
0.6680 0.0977 51.8410 0.0000 0.0 0.0 
0.8297 0.0977 52.4013 0.0000 0.0 0.0 
0.9989 0.0977 53.1337 0.0000 0.0 0.0 
0.8279 0.0004 58.2613 0.0000 0.0 0.0 
0.6614 0.0004 57.3794 0.0000 0.0 0.0 
0.3279 0.0004 56.2692 0.0000 0.0 0.0 
0.1622 0.0004 55.5387 0.0000 0.0 0.0 
0.8317 1.0000 1.2504 0.0000 0.0 0.0 
  