 newLensFormat14
fullLensType Canon
disToTarget 0.000000
focusPointes 7
zoomPointes 11
lensWideVal 10.000000
lensFactorVal 40.000000
numberOfPointes 77 4 
0.0000 0.0000 39.2810 0.0000 0.0 0.0 
0.0000 0.5033 11.2420 0.0000 0.0 0.0 
0.0000 1.0000 1.0030 0.0000 0.0 0.0 
1.0000 0.4980 9.1160 0.0000 0.0 0.0 
1.0000 0.0000 35.1790 0.0000 0.0 0.0 
0.5019 0.0000 37.1920 0.0000 0.0 0.0 
0.5019 0.5015 10.3910 0.0000 0.0 0.0 
0.5018 1.0000 0.2100 0.0000 0.0 0.0 
1.0000 1.0000 0.1500 0.0000 0.0 0.0 
1.0000 0.0988 29.4880 0.0000 0.0 0.0 
0.8303 0.0988 29.9200 0.0000 0.0 0.0 
0.6656 0.0987 30.6400 0.0000 0.0 0.0 
0.5001 0.0987 31.3920 0.0000 0.0 0.0 
0.3285 0.0987 32.0990 0.0000 0.0 0.0 
0.1609 0.0987 32.7570 0.0000 0.0 0.0 
0.0000 0.0987 33.2640 0.0000 0.0 0.0 
0.1670 0.0000 38.4760 0.0000 0.0 0.0 
0.3342 0.0000 37.8350 0.0000 0.0 0.0 
0.6713 0.0000 36.4860 0.0000 0.0 0.0 
0.8350 0.0000 35.6280 0.0000 0.0 0.0 
1.0000 0.1966 23.9490 0.0000 0.0 0.0 
0.8415 0.1966 24.4550 0.0000 0.0 0.0 
0.6489 0.1966 25.0260 0.0000 0.0 0.0 
0.4994 0.1966 25.4900 0.0000 0.0 0.0 
0.3357 0.1966 25.9590 0.0000 0.0 0.0 
0.1484 0.1966 26.6130 0.0000 0.0 0.0 
0.0000 0.1966 27.0590 0.0000 0.0 0.0 
0.0000 0.3007 21.0210 0.0000 0.0 0.0 
0.1742 0.3007 20.5330 0.0000 0.0 0.0 
0.3370 0.3007 20.2650 0.0000 0.0 0.0 
0.5015 0.3007 19.7530 0.0000 0.0 0.0 
0.6856 0.3007 19.2350 0.0000 0.0 0.0 
0.8586 0.3007 18.7380 0.0000 0.0 0.0 
1.0000 0.3007 18.3550 0.0000 0.0 0.0 
1.0000 0.3972 13.9600 0.0000 0.0 0.0 
0.8385 0.3972 14.3520 0.0000 0.0 0.0 
0.6587 0.3972 14.8240 0.0000 0.0 0.0 
0.4911 0.3972 15.2290 0.0000 0.0 0.0 
0.3282 0.3972 15.6660 0.0000 0.0 0.0 
0.1758 0.3972 15.9870 0.0000 0.0 0.0 
0.0000 0.3972 16.4130 0.0000 0.0 0.0 
0.1616 0.5008 11.5020 0.0000 0.0 0.0 
0.3378 0.5008 11.0980 0.0000 0.0 0.0 
0.6656 0.5008 10.3640 0.0000 0.0 0.0 
0.8588 0.5008 9.9290 0.0000 0.0 0.0 
1.0000 0.6003 6.1550 0.0000 0.0 0.0 
0.8296 0.6003 6.3920 0.0000 0.0 0.0 
0.6593 0.6003 6.7020 0.0000 0.0 0.0 
0.4859 0.6003 6.8920 0.0000 0.0 0.0 
0.3491 0.6003 7.2010 0.0000 0.0 0.0 
0.1734 0.6003 7.5210 0.0000 0.0 0.0 
0.0000 0.6003 7.8230 0.0000 0.0 0.0 
0.0000 0.7018 5.0320 0.0000 0.0 0.0 
0.1638 0.7018 4.7680 0.0000 0.0 0.0 
0.3269 0.7018 4.5241 0.0000 0.0 0.0 
0.5018 0.7018 4.2867 0.0000 0.0 0.0 
0.6668 0.7018 4.0560 0.0000 0.0 0.0 
0.8401 0.7018 3.7280 0.0000 0.0 0.0 
1.0000 0.7018 3.5260 0.0000 0.0 0.0 
1.0000 0.7997 1.7970 0.0000 0.0 0.0 
0.8412 0.7997 1.9840 0.0000 0.0 0.0 
0.6618 0.7997 2.2370 0.0000 0.0 0.0 
0.5064 0.7997 2.4920 0.0000 0.0 0.0 
0.3255 0.7997 2.6910 0.0000 0.0 0.0 
0.1698 0.7997 2.9420 0.0000 0.0 0.0 
0.0000 0.7997 3.1450 0.0000 0.0 0.0 
0.0000 0.9055 1.8990 0.0000 0.0 0.0 
0.1594 0.9055 1.6660 0.0000 0.0 0.0 
0.3410 0.9055 1.4330 0.0000 0.0 0.0 
0.5037 0.9055 1.3940 0.0000 0.0 0.0 
0.6781 0.9055 1.0250 0.0000 0.0 0.0 
0.8400 0.9055 0.8445 0.0000 0.0 0.0 
0.9999 0.9055 0.8682 0.0000 0.0 0.0 
0.1610 1.0000 0.7610 0.0000 0.0 0.0 
0.3277 1.0000 0.7500 0.0000 0.0 0.0 
0.6653 1.0000 0.0100 0.0000 0.0 0.0 
0.8387 1.0000 0.0100 0.0000 0.0 0.0 
  