 LENS
{
	LENS_TYPE 	newLens
	CCD_EQUIVALENT	0.666667	inches
	CCD_RATIO	0.750000

	ZOOM_CALIBRATION
	{
		FOV_FORMAT
		{
			Linear_Interpulation
			2:
			0.01  0.99
			0.00  0.00
		}
		OFFSET_FORMAT
		{
			Linear_Interpulation
			2:
			0.01  0.99
			0.00  0.00
		}
	}

	FOCUS_CALIBRATION
	{
		FOV_FORMAT
		{
			Bilinear_Interpulation
			101 11:
#zoom points
			0.99  0.98  0.97  0.961  0.951  0.941  0.931  0.921  0.912  0.902  0.892  0.882  0.872  0.863  0.853  0.843  0.833  0.823  0.814  0.804  0.794  0.784  0.774  0.765  0.755  0.745  0.735  0.725  0.716  0.706  0.696  0.686  0.676  0.667  0.657  0.647  0.637  0.627  0.618  0.608  0.598  0.588  0.578  0.569  0.559  0.549  0.539  0.529  0.52  0.51  0.5  0.49  0.48  0.471  0.461  0.451  0.441  0.431  0.422  0.412  0.402  0.392  0.382  0.373  0.363  0.353  0.343  0.333  0.324  0.314  0.304  0.294  0.284  0.275  0.265  0.255  0.245  0.235  0.226  0.216  0.206  0.196  0.186  0.177  0.167  0.157  0.147  0.137  0.128  0.118  0.108  0.0982  0.0884  0.0786  0.0688  0.059  0.0492  0.0394  0.0296  0.0198  0.01  
#focus points
			        1       0.9       0.8       0.7       0.6       0.5       0.4       0.3       0.2       0.1         0 
#focus values (distance in milimeters)
			   5000.0    5000.0    5000.0    5000.0    5000.0    5000.0    5000.0    5000.0    5000.0    5000.0    5000.0 
#data points
			   0.069    0.063    0.059    0.054    0.047    0.041    0.037    0.035    0.033    0.031    0.029 
			   0.071    0.065    0.061    0.056    0.050    0.044    0.039    0.037    0.035    0.033    0.031 
			   0.073    0.067    0.063    0.059    0.052    0.046    0.042    0.039    0.036    0.035    0.033 
			   0.076    0.070    0.066    0.061    0.055    0.049    0.044    0.041    0.038    0.036    0.035 
			   0.078    0.072    0.068    0.063    0.057    0.051    0.046    0.043    0.040    0.038    0.036 
			   0.080    0.074    0.070    0.065    0.059    0.054    0.048    0.045    0.042    0.040    0.038 
			   0.081    0.076    0.072    0.068    0.062    0.056    0.051    0.047    0.043    0.041    0.039 
			   0.083    0.078    0.074    0.070    0.064    0.058    0.053    0.049    0.045    0.043    0.041 
			   0.085    0.079    0.076    0.072    0.066    0.061    0.055    0.050    0.047    0.044    0.042 
			   0.087    0.081    0.078    0.074    0.069    0.063    0.057    0.052    0.048    0.046    0.044 
			   0.089    0.083    0.080    0.077    0.071    0.066    0.060    0.054    0.050    0.047    0.045 
			   0.091    0.085    0.082    0.079    0.074    0.068    0.062    0.056    0.052    0.049    0.046 
			   0.093    0.087    0.085    0.081    0.076    0.071    0.064    0.058    0.054    0.050    0.048 
			   0.095    0.089    0.087    0.084    0.079    0.073    0.067    0.061    0.055    0.052    0.049 
			   0.097    0.091    0.089    0.086    0.081    0.076    0.069    0.063    0.057    0.054    0.051 
			   0.100    0.094    0.092    0.089    0.084    0.078    0.072    0.065    0.059    0.055    0.053 
			   0.102    0.096    0.094    0.091    0.087    0.081    0.074    0.067    0.062    0.057    0.054 
			   0.104    0.098    0.097    0.094    0.089    0.084    0.077    0.070    0.064    0.059    0.056 
			   0.107    0.101    0.099    0.097    0.092    0.087    0.080    0.073    0.066    0.061    0.058 
			   0.110    0.104    0.102    0.100    0.095    0.090    0.083    0.075    0.069    0.064    0.060 
			   0.113    0.106    0.105    0.103    0.098    0.093    0.086    0.078    0.071    0.066    0.063 
			   0.116    0.110    0.108    0.106    0.101    0.096    0.089    0.081    0.074    0.069    0.065 
			   0.119    0.113    0.111    0.109    0.105    0.099    0.092    0.085    0.077    0.071    0.068 
			   0.123    0.116    0.115    0.112    0.108    0.102    0.096    0.088    0.080    0.074    0.071 
			   0.127    0.120    0.118    0.116    0.111    0.106    0.099    0.091    0.084    0.077    0.074 
			   0.130    0.123    0.122    0.119    0.115    0.109    0.103    0.095    0.087    0.081    0.077 
			   0.135    0.127    0.126    0.123    0.119    0.113    0.107    0.099    0.091    0.084    0.080 
			   0.139    0.132    0.130    0.127    0.123    0.117    0.110    0.103    0.095    0.088    0.084 
			   0.144    0.136    0.134    0.131    0.127    0.121    0.115    0.107    0.099    0.092    0.088 
			   0.148    0.141    0.139    0.136    0.131    0.125    0.119    0.112    0.104    0.096    0.092 
			   0.154    0.146    0.144    0.140    0.135    0.129    0.123    0.116    0.108    0.100    0.096 
			   0.159    0.151    0.149    0.145    0.140    0.134    0.128    0.121    0.113    0.104    0.100 
			   0.164    0.157    0.154    0.150    0.145    0.138    0.133    0.126    0.118    0.109    0.104 
			   0.170    0.163    0.159    0.155    0.150    0.143    0.138    0.131    0.123    0.114    0.109 
			   0.176    0.169    0.165    0.161    0.155    0.148    0.143    0.137    0.128    0.119    0.114 
			   0.183    0.175    0.171    0.166    0.161    0.154    0.149    0.142    0.134    0.124    0.119 
			   0.190    0.182    0.177    0.172    0.167    0.159    0.155    0.148    0.139    0.130    0.124 
			   0.198    0.189    0.184    0.178    0.172    0.165    0.161    0.154    0.145    0.136    0.130 
			   0.206    0.197    0.190    0.185    0.179    0.171    0.167    0.160    0.151    0.142    0.136 
			   0.214    0.205    0.197    0.191    0.185    0.178    0.173    0.167    0.157    0.148    0.143 
			   0.224    0.213    0.205    0.198    0.192    0.185    0.180    0.173    0.164    0.154    0.149 
			   0.233    0.221    0.212    0.205    0.199    0.192    0.187    0.180    0.171    0.161    0.156 
			   0.243    0.230    0.220    0.212    0.206    0.199    0.194    0.187    0.177    0.168    0.163 
			   0.253    0.238    0.227    0.219    0.213    0.207    0.201    0.194    0.184    0.175    0.170 
			   0.263    0.247    0.235    0.227    0.220    0.214    0.208    0.201    0.192    0.182    0.178 
			   0.273    0.256    0.243    0.235    0.228    0.222    0.216    0.208    0.199    0.190    0.185 
			   0.283    0.265    0.252    0.243    0.236    0.230    0.224    0.216    0.206    0.197    0.193 
			   0.294    0.275    0.260    0.251    0.244    0.238    0.231    0.224    0.214    0.205    0.201 
			   0.304    0.284    0.269    0.259    0.252    0.247    0.239    0.231    0.222    0.213    0.208 
			   0.314    0.293    0.277    0.267    0.260    0.255    0.247    0.239    0.230    0.220    0.216 
			   0.324    0.302    0.286    0.276    0.268    0.263    0.256    0.247    0.238    0.228    0.224 
			   0.334    0.311    0.295    0.284    0.277    0.272    0.264    0.256    0.246    0.237    0.233 
			   0.344    0.320    0.303    0.293    0.285    0.281    0.272    0.264    0.254    0.245    0.241 
			   0.352    0.329    0.312    0.302    0.294    0.289    0.281    0.273    0.263    0.253    0.249 
			   0.361    0.337    0.321    0.311    0.303    0.297    0.289    0.281    0.271    0.261    0.257 
			   0.368    0.346    0.330    0.320    0.311    0.306    0.298    0.290    0.280    0.270    0.265 
			   0.375    0.354    0.339    0.329    0.320    0.314    0.306    0.299    0.289    0.278    0.273 
			   0.382    0.363    0.349    0.338    0.329    0.322    0.315    0.308    0.298    0.287    0.281 
			   0.389    0.371    0.358    0.348    0.338    0.331    0.324    0.317    0.306    0.296    0.290 
			   0.396    0.380    0.367    0.357    0.348    0.339    0.333    0.326    0.316    0.304    0.298 
			   0.403    0.388    0.377    0.367    0.357    0.348    0.342    0.335    0.325    0.313    0.307 
			   0.410    0.397    0.386    0.377    0.366    0.357    0.351    0.344    0.334    0.322    0.315 
			   0.417    0.406    0.396    0.387    0.376    0.366    0.361    0.354    0.343    0.331    0.324 
			   0.425    0.414    0.406    0.397    0.386    0.375    0.370    0.364    0.353    0.340    0.332 
			   0.433    0.424    0.416    0.407    0.396    0.384    0.380    0.373    0.362    0.349    0.341 
			   0.441    0.433    0.426    0.417    0.406    0.394    0.390    0.383    0.372    0.359    0.350 
			   0.449    0.443    0.436    0.428    0.417    0.404    0.400    0.393    0.382    0.368    0.359 
			   0.459    0.452    0.447    0.439    0.427    0.415    0.410    0.403    0.392    0.378    0.369 
			   0.469    0.463    0.458    0.449    0.438    0.426    0.421    0.414    0.402    0.387    0.378 
			   0.480    0.473    0.468    0.460    0.449    0.437    0.431    0.424    0.412    0.397    0.388 
			   0.491    0.484    0.479    0.472    0.460    0.449    0.442    0.434    0.422    0.407    0.397 
			   0.502    0.495    0.490    0.483    0.472    0.460    0.453    0.445    0.432    0.417    0.407 
			   0.514    0.506    0.502    0.494    0.483    0.472    0.464    0.455    0.443    0.428    0.417 
			   0.526    0.517    0.513    0.506    0.495    0.484    0.476    0.466    0.453    0.438    0.427 
			   0.538    0.529    0.525    0.517    0.507    0.496    0.487    0.477    0.464    0.448    0.438 
			   0.550    0.541    0.536    0.529    0.519    0.509    0.498    0.488    0.475    0.459    0.448 
			   0.562    0.553    0.548    0.541    0.531    0.521    0.510    0.499    0.485    0.470    0.459 
			   0.575    0.565    0.560    0.552    0.543    0.533    0.521    0.510    0.496    0.481    0.470 
			   0.588    0.578    0.572    0.564    0.555    0.545    0.533    0.521    0.507    0.492    0.481 
			   0.601    0.591    0.584    0.576    0.567    0.558    0.545    0.532    0.518    0.504    0.492 
			   0.614    0.603    0.596    0.588    0.579    0.570    0.556    0.543    0.529    0.515    0.504 
			   0.627    0.616    0.609    0.600    0.591    0.582    0.568    0.554    0.541    0.527    0.516 
			   0.640    0.629    0.621    0.612    0.603    0.594    0.580    0.565    0.552    0.539    0.528 
			   0.653    0.642    0.633    0.624    0.615    0.605    0.591    0.577    0.563    0.551    0.541 
			   0.667    0.655    0.646    0.636    0.627    0.617    0.603    0.588    0.575    0.563    0.554 
			   0.680    0.668    0.658    0.648    0.639    0.629    0.615    0.600    0.586    0.575    0.566 
			   0.694    0.681    0.670    0.660    0.651    0.641    0.626    0.611    0.598    0.588    0.579 
			   0.707    0.695    0.683    0.672    0.663    0.652    0.638    0.623    0.610    0.600    0.592 
			   0.721    0.708    0.696    0.685    0.675    0.664    0.650    0.634    0.622    0.613    0.605 
			   0.734    0.721    0.708    0.697    0.687    0.676    0.661    0.646    0.634    0.625    0.618 
			   0.748    0.735    0.721    0.709    0.699    0.688    0.673    0.658    0.646    0.638    0.631 
			   0.762    0.748    0.734    0.722    0.711    0.699    0.685    0.670    0.658    0.651    0.644 
			   0.775    0.761    0.747    0.734    0.723    0.711    0.697    0.682    0.671    0.664    0.657 
			   0.789    0.775    0.760    0.747    0.735    0.722    0.709    0.695    0.684    0.676    0.670 
			   0.802    0.788    0.773    0.759    0.746    0.734    0.721    0.707    0.696    0.689    0.683 
			   0.816    0.801    0.786    0.772    0.758    0.745    0.732    0.719    0.709    0.702    0.696 
			   0.829    0.814    0.799    0.785    0.770    0.757    0.744    0.732    0.722    0.715    0.709 
			   0.842    0.828    0.812    0.797    0.782    0.769    0.756    0.745    0.735    0.728    0.722 
			   0.856    0.841    0.825    0.810    0.794    0.780    0.768    0.757    0.748    0.741    0.735 
			   0.869    0.854    0.838    0.822    0.806    0.792    0.780    0.770    0.760    0.753    0.748 
			   0.882    0.866    0.851    0.835    0.818    0.804    0.792    0.782    0.773    0.766    0.760 
		}

		OFFSET_FORMAT
		{
			Bilinear_Interpulation
			101 11:
#zoom points
			0.99  0.98  0.97  0.961  0.951  0.941  0.931  0.921  0.912  0.902  0.892  0.882  0.872  0.863  0.853  0.843  0.833  0.823  0.814  0.804  0.794  0.784  0.774  0.765  0.755  0.745  0.735  0.725  0.716  0.706  0.696  0.686  0.676  0.667  0.657  0.647  0.637  0.627  0.618  0.608  0.598  0.588  0.578  0.569  0.559  0.549  0.539  0.529  0.52  0.51  0.5  0.49  0.48  0.471  0.461  0.451  0.441  0.431  0.422  0.412  0.402  0.392  0.382  0.373  0.363  0.353  0.343  0.333  0.324  0.314  0.304  0.294  0.284  0.275  0.265  0.255  0.245  0.235  0.226  0.216  0.206  0.196  0.186  0.177  0.167  0.157  0.147  0.137  0.128  0.118  0.108  0.0982  0.0884  0.0786  0.0688  0.059  0.0492  0.0394  0.0296  0.0198  0.01  
#focus points
			        1       0.9       0.8       0.7       0.6       0.5       0.4       0.3       0.2       0.1         0 
			   5000.0    5000.0    5000.0    5000.0    5000.0    5000.0    5000.0    5000.0    5000.0    5000.0    5000.0 
#data points
			   0.000    0.000   -0.007   -0.082   -0.227   -0.365   -0.407   -0.416   -0.376   -0.287   -0.195 
			  -0.005   -0.004   -0.008   -0.079   -0.219   -0.353   -0.397   -0.409   -0.372   -0.285   -0.194 
			  -0.011   -0.008   -0.010   -0.077   -0.211   -0.340   -0.386   -0.401   -0.367   -0.283   -0.195 
			  -0.017   -0.013   -0.013   -0.075   -0.202   -0.325   -0.374   -0.392   -0.362   -0.281   -0.196 
			  -0.024   -0.019   -0.017   -0.074   -0.193   -0.309   -0.361   -0.383   -0.356   -0.279   -0.197 
			  -0.031   -0.024   -0.021   -0.073   -0.183   -0.292   -0.347   -0.373   -0.350   -0.277   -0.198 
			  -0.038   -0.031   -0.026   -0.073   -0.173   -0.275   -0.333   -0.363   -0.344   -0.275   -0.200 
			  -0.045   -0.037   -0.031   -0.072   -0.163   -0.257   -0.318   -0.353   -0.337   -0.273   -0.201 
			  -0.052   -0.043   -0.036   -0.072   -0.152   -0.238   -0.303   -0.342   -0.331   -0.270   -0.203 
			  -0.060   -0.050   -0.041   -0.071   -0.142   -0.220   -0.288   -0.331   -0.324   -0.268   -0.205 
			  -0.067   -0.057   -0.046   -0.071   -0.132   -0.202   -0.272   -0.320   -0.316   -0.266   -0.206 
			  -0.074   -0.063   -0.051   -0.071   -0.121   -0.183   -0.256   -0.308   -0.309   -0.263   -0.207 
			  -0.082   -0.070   -0.056   -0.071   -0.111   -0.165   -0.240   -0.296   -0.301   -0.260   -0.209 
			  -0.088   -0.076   -0.061   -0.071   -0.102   -0.147   -0.225   -0.285   -0.294   -0.257   -0.210 
			  -0.095   -0.081   -0.065   -0.071   -0.093   -0.129   -0.209   -0.273   -0.286   -0.254   -0.210 
			  -0.101   -0.086   -0.070   -0.070   -0.084   -0.113   -0.194   -0.261   -0.277   -0.250   -0.211 
			  -0.106   -0.091   -0.073   -0.070   -0.075   -0.096   -0.180   -0.249   -0.269   -0.246   -0.211 
			  -0.111   -0.095   -0.076   -0.069   -0.068   -0.081   -0.166   -0.236   -0.260   -0.242   -0.210 
			  -0.115   -0.098   -0.079   -0.068   -0.061   -0.068   -0.153   -0.224   -0.250   -0.237   -0.210 
			  -0.117   -0.101   -0.081   -0.068   -0.055   -0.057   -0.140   -0.212   -0.240   -0.232   -0.209 
			  -0.119   -0.102   -0.082   -0.066   -0.049   -0.048   -0.129   -0.200   -0.230   -0.226   -0.207 
			  -0.118   -0.103   -0.082   -0.065   -0.044   -0.042   -0.118   -0.187   -0.220   -0.220   -0.204 
			  -0.116   -0.103   -0.082   -0.063   -0.040   -0.037   -0.107   -0.175   -0.209   -0.213   -0.201 
			  -0.114   -0.101   -0.081   -0.061   -0.036   -0.033   -0.098   -0.163   -0.198   -0.206   -0.197 
			  -0.110   -0.099   -0.079   -0.059   -0.033   -0.029   -0.089   -0.150   -0.186   -0.199   -0.193 
			  -0.105   -0.096   -0.077   -0.056   -0.030   -0.027   -0.080   -0.138   -0.175   -0.191   -0.189 
			  -0.100   -0.092   -0.074   -0.053   -0.028   -0.025   -0.072   -0.126   -0.163   -0.183   -0.184 
			  -0.094   -0.087   -0.070   -0.050   -0.026   -0.023   -0.065   -0.114   -0.151   -0.175   -0.178 
			  -0.087   -0.082   -0.066   -0.047   -0.024   -0.022   -0.058   -0.103   -0.139   -0.166   -0.173 
			  -0.079   -0.075   -0.061   -0.043   -0.022   -0.021   -0.051   -0.091   -0.127   -0.157   -0.167 
			  -0.070   -0.067   -0.056   -0.040   -0.020   -0.020   -0.045   -0.080   -0.115   -0.147   -0.160 
			  -0.061   -0.059   -0.050   -0.036   -0.018   -0.019   -0.038   -0.069   -0.102   -0.137   -0.154 
			  -0.051   -0.050   -0.043   -0.032   -0.016   -0.018   -0.032   -0.058   -0.090   -0.127   -0.146 
			  -0.040   -0.040   -0.036   -0.027   -0.014   -0.017   -0.026   -0.047   -0.078   -0.117   -0.139 
			  -0.029   -0.029   -0.029   -0.022   -0.011   -0.015   -0.020   -0.037   -0.067   -0.107   -0.131 
			  -0.016   -0.017   -0.021   -0.017   -0.009   -0.014   -0.014   -0.026   -0.055   -0.096   -0.122 
			  -0.002   -0.005   -0.012   -0.012   -0.005   -0.012   -0.008   -0.017   -0.044   -0.085   -0.113 
			   0.013    0.008   -0.003   -0.006   -0.002   -0.009   -0.002   -0.007   -0.033   -0.074   -0.103 
			   0.030    0.022    0.006    0.000    0.002   -0.005    0.004    0.002   -0.022   -0.062   -0.092 
			   0.048    0.036    0.016    0.007    0.007    0.000    0.010    0.010   -0.012   -0.051   -0.079 
			   0.067    0.050    0.025    0.013    0.012    0.005    0.017    0.019   -0.002   -0.039   -0.067 
			   0.087    0.065    0.035    0.020    0.017    0.012    0.023    0.027    0.008   -0.028   -0.054 
			   0.107    0.080    0.045    0.027    0.022    0.018    0.030    0.034    0.017   -0.016   -0.040 
			   0.127    0.094    0.055    0.034    0.028    0.025    0.036    0.042    0.026   -0.005   -0.027 
			   0.147    0.109    0.065    0.042    0.034    0.032    0.043    0.049    0.035    0.006   -0.014 
			   0.166    0.123    0.074    0.049    0.040    0.039    0.049    0.056    0.043    0.017   -0.001 
			   0.185    0.136    0.084    0.056    0.046    0.046    0.055    0.062    0.051    0.027    0.012 
			   0.203    0.149    0.093    0.063    0.052    0.053    0.061    0.068    0.059    0.037    0.024 
			   0.219    0.160    0.101    0.070    0.058    0.060    0.067    0.075    0.066    0.047    0.036 
			   0.235    0.170    0.109    0.076    0.064    0.067    0.073    0.080    0.073    0.056    0.047 
			   0.248    0.179    0.116    0.083    0.069    0.073    0.079    0.086    0.079    0.064    0.057 
			   0.259    0.186    0.123    0.089    0.075    0.079    0.084    0.091    0.085    0.071    0.066 
			   0.268    0.192    0.129    0.095    0.080    0.085    0.089    0.096    0.091    0.078    0.075 
			   0.272    0.196    0.134    0.100    0.085    0.090    0.093    0.101    0.096    0.084    0.081 
			   0.270    0.198    0.139    0.106    0.090    0.094    0.097    0.105    0.101    0.089    0.085 
			   0.265    0.199    0.143    0.111    0.095    0.097    0.101    0.109    0.105    0.094    0.088 
			   0.256    0.199    0.147    0.115    0.099    0.100    0.105    0.113    0.109    0.097    0.090 
			   0.246    0.197    0.150    0.120    0.103    0.102    0.108    0.116    0.113    0.101    0.091 
			   0.234    0.194    0.153    0.124    0.107    0.105    0.112    0.120    0.116    0.103    0.092 
			   0.222    0.191    0.155    0.128    0.111    0.107    0.115    0.123    0.119    0.105    0.092 
			   0.208    0.186    0.157    0.132    0.114    0.108    0.117    0.126    0.122    0.107    0.092 
			   0.195    0.182    0.158    0.136    0.118    0.110    0.120    0.129    0.124    0.109    0.092 
			   0.181    0.177    0.160    0.139    0.122    0.112    0.123    0.132    0.126    0.110    0.091 
			   0.168    0.172    0.161    0.143    0.125    0.114    0.126    0.134    0.129    0.111    0.090 
			   0.156    0.168    0.162    0.146    0.129    0.116    0.129    0.137    0.131    0.112    0.090 
			   0.146    0.165    0.163    0.150    0.133    0.119    0.132    0.139    0.132    0.113    0.089 
			   0.138    0.162    0.165    0.153    0.137    0.122    0.135    0.142    0.134    0.114    0.089 
			   0.135    0.160    0.166    0.157    0.142    0.127    0.139    0.144    0.136    0.115    0.090 
			   0.134    0.158    0.168    0.160    0.146    0.132    0.142    0.147    0.138    0.116    0.091 
			   0.135    0.158    0.170    0.164    0.151    0.138    0.146    0.149    0.140    0.118    0.094 
			   0.137    0.158    0.172    0.167    0.155    0.144    0.150    0.151    0.141    0.119    0.096 
			   0.141    0.160    0.174    0.171    0.160    0.150    0.154    0.154    0.143    0.121    0.099 
			   0.145    0.161    0.176    0.175    0.165    0.156    0.158    0.156    0.145    0.123    0.102 
			   0.151    0.164    0.179    0.178    0.170    0.163    0.162    0.158    0.147    0.125    0.105 
			   0.156    0.167    0.182    0.182    0.175    0.169    0.166    0.161    0.149    0.128    0.109 
			   0.163    0.170    0.184    0.185    0.179    0.176    0.170    0.163    0.151    0.131    0.112 
			   0.169    0.174    0.187    0.189    0.184    0.182    0.173    0.165    0.153    0.133    0.116 
			   0.176    0.178    0.190    0.192    0.188    0.187    0.177    0.167    0.155    0.136    0.120 
			   0.182    0.182    0.193    0.195    0.192    0.193    0.180    0.170    0.157    0.139    0.125 
			   0.189    0.187    0.196    0.198    0.195    0.197    0.184    0.172    0.159    0.143    0.129 
			   0.195    0.191    0.199    0.201    0.199    0.201    0.186    0.174    0.161    0.146    0.134 
			   0.200    0.195    0.201    0.203    0.202    0.204    0.189    0.176    0.163    0.150    0.139 
			   0.205    0.199    0.204    0.205    0.204    0.206    0.191    0.178    0.166    0.153    0.144 
			   0.209    0.203    0.206    0.207    0.207    0.208    0.193    0.179    0.168    0.157    0.149 
			   0.214    0.207    0.209    0.209    0.209    0.210    0.195    0.181    0.170    0.161    0.154 
			   0.218    0.210    0.211    0.211    0.210    0.211    0.197    0.183    0.173    0.165    0.160 
			   0.222    0.214    0.213    0.212    0.211    0.212    0.198    0.184    0.175    0.169    0.165 
			   0.225    0.217    0.215    0.213    0.212    0.212    0.199    0.186    0.177    0.172    0.170 
			   0.229    0.220    0.216    0.214    0.213    0.213    0.200    0.187    0.180    0.176    0.176 
			   0.233    0.223    0.218    0.215    0.214    0.213    0.201    0.189    0.182    0.180    0.181 
			   0.236    0.226    0.219    0.216    0.214    0.212    0.201    0.190    0.184    0.184    0.187 
			   0.239    0.229    0.221    0.216    0.214    0.212    0.202    0.191    0.187    0.188    0.192 
			   0.243    0.231    0.222    0.217    0.214    0.211    0.202    0.193    0.189    0.192    0.197 
			   0.246    0.234    0.223    0.217    0.214    0.210    0.203    0.194    0.191    0.196    0.202 
			   0.249    0.236    0.225    0.217    0.213    0.210    0.203    0.195    0.194    0.200    0.207 
			   0.252    0.239    0.226    0.218    0.213    0.209    0.203    0.197    0.196    0.204    0.212 
			   0.255    0.241    0.227    0.218    0.213    0.208    0.203    0.198    0.199    0.208    0.217 
			   0.257    0.243    0.228    0.218    0.213    0.207    0.204    0.199    0.201    0.211    0.221 
			   0.260    0.245    0.229    0.219    0.213    0.206    0.204    0.201    0.204    0.215    0.226 
			   0.263    0.247    0.230    0.219    0.213    0.206    0.205    0.202    0.206    0.218    0.230 
			   0.265    0.249    0.231    0.220    0.213    0.205    0.205    0.204    0.209    0.222    0.234 
		}
	}
}
  