 newLensFormat14
fullLensType Canon
disToTarget 0.000000
focusPointes 7
zoomPointes 10
lensWideVal 7.000000
lensFactorVal 21.100000
numberOfPointes 70 4 
0.5025 0.0013 61.5774 0.0000 0.0 0.0 
0.0012 0.0013 59.9097 0.0000 0.0 0.0 
0.9994 0.0013 63.8796 0.0000 0.0 0.0 
0.0003 0.9992 3.4566 0.0000 0.0 0.0 
0.4975 0.9992 1.5462 0.0000 0.0 0.0 
0.9992 0.9992 1.0553 0.0000 0.0 0.0 
0.6639 0.0010 62.5244 0.0000 0.0 0.0 
0.8349 0.0010 63.3426 0.0000 0.0 0.0 
0.3340 0.0010 61.1932 0.0000 0.0 0.0 
0.1660 0.0010 60.7287 0.0000 0.0 0.0 
0.4953 0.1041 55.7740 0.0000 0.0 0.0 
0.6636 0.1041 56.3040 0.0000 0.0 0.0 
0.8326 0.1041 56.9244 0.0000 0.0 0.0 
0.9994 0.1041 57.5110 0.0000 0.0 0.0 
0.3307 0.1041 55.1947 0.0000 0.0 0.0 
0.1701 0.1041 54.8229 0.0000 0.0 0.0 
0.0002 0.1041 54.4529 0.0000 0.0 0.0 
0.0002 0.2190 46.3003 0.0000 0.0 0.0 
0.1637 0.2190 46.5843 0.0000 0.0 0.0 
0.3293 0.2190 46.8109 0.0000 0.0 0.0 
0.5000 0.2190 47.0970 0.0000 0.0 0.0 
0.6721 0.2190 47.4523 0.0000 0.0 0.0 
0.8352 0.2190 47.8414 0.0000 0.0 0.0 
0.9992 0.2190 48.2328 0.0000 0.0 0.0 
0.9992 0.3324 38.1104 0.0000 0.0 0.0 
0.8371 0.3324 37.9656 0.0000 0.0 0.0 
0.6656 0.3324 37.8282 0.0000 0.0 0.0 
0.4865 0.3324 37.7086 0.0000 0.0 0.0 
0.3349 0.3324 37.6655 0.0000 0.0 0.0 
0.1705 0.3324 37.6312 0.0000 0.0 0.0 
0.0002 0.3324 37.6517 0.0000 0.0 0.0 
0.0000 0.4539 28.2330 0.0000 0.0 0.0 
0.1687 0.4539 28.0109 0.0000 0.0 0.0 
0.3412 0.4539 27.8531 0.0000 0.0 0.0 
0.5110 0.4539 27.7220 0.0000 0.0 0.0 
0.6732 0.4539 27.6270 0.0000 0.0 0.0 
0.8354 0.4539 27.5380 0.0000 0.0 0.0 
0.9992 0.4539 27.4543 0.0000 0.0 0.0 
0.9992 0.5562 19.1788 0.0000 0.0 0.0 
0.8284 0.5562 19.5792 0.0000 0.0 0.0 
0.6617 0.5562 19.8885 0.0000 0.0 0.0 
0.4986 0.5562 20.1966 0.0000 0.0 0.0 
0.3305 0.5562 20.4664 0.0000 0.0 0.0 
0.1653 0.5562 20.7184 0.0000 0.0 0.0 
0.0002 0.5562 21.0587 0.0000 0.0 0.0 
0.0002 0.6729 14.0884 0.0000 0.0 0.0 
0.1628 0.6729 13.6849 0.0000 0.0 0.0 
0.3414 0.6729 13.2356 0.0000 0.0 0.0 
0.4989 0.6729 12.8281 0.0000 0.0 0.0 
0.6620 0.6729 12.3817 0.0000 0.0 0.0 
0.8315 0.6729 11.7839 0.0000 0.0 0.0 
0.9992 0.6653 11.4062 0.0000 0.0 0.0 
0.0026 0.7734 9.4308 0.0000 0.0 0.0 
0.1664 0.7734 8.9988 0.0000 0.0 0.0 
0.3409 0.7734 8.5127 0.0000 0.0 0.0 
0.5012 0.7734 8.0366 0.0000 0.0 0.0 
0.8349 0.7734 7.0679 0.0000 0.0 0.0 
0.9992 0.7734 6.7672 0.0000 0.0 0.0 
0.6625 0.7724 7.5127 0.0000 0.0 0.0 
0.0003 0.8876 5.6107 0.0000 0.0 0.0 
0.1626 0.8878 5.2091 0.0000 0.0 0.0 
0.3322 0.8878 4.7461 0.0000 0.0 0.0 
0.5048 0.8878 4.2975 0.0000 0.0 0.0 
0.6741 0.8878 3.6698 0.0000 0.0 0.0 
0.8274 0.8878 3.4387 0.0000 0.0 0.0 
0.9991 0.8878 3.6255 0.0000 0.0 0.0 
0.1831 0.9995 2.2119 0.0000 0.0 0.0 
0.3350 0.9995 1.7648 0.0000 0.0 0.0 
0.6806 0.9995 0.7503 0.0000 0.0 0.0 
0.8436 0.9995 0.6199 0.0000 0.0 0.0 
  