 newLensFormat14
fullLensType Canon
disToTarget 0.000000
focusPointes 7
zoomPointes 11
lensWideVal 7.000000
lensFactorVal 21.200001
numberOfPointes 75 4 
0.9991 0.0000 59.3899 0.0000 0.0 0.0 
0.5033 0.0000 57.7718 0.0000 0.0 0.0 
0.0000 0.0000 55.4392 0.0000 0.0 0.0 
0.5002 0.5003 22.2733 0.0000 0.0 0.0 
0.9989 0.5003 21.6771 0.0000 0.0 0.0 
0.0000 0.5003 22.8945 0.0000 0.0 0.0 
0.0000 0.9998 3.1030 0.0000 0.0 0.0 
0.4987 0.9998 1.9199 0.0000 0.0 0.0 
0.9989 0.9998 1.1986 0.0000 0.0 0.0 
0.6692 0.0000 58.4922 0.0000 0.0 0.0 
0.8357 0.0000 59.0199 0.0000 0.0 0.0 
0.3274 0.0000 56.9508 0.0000 0.0 0.0 
0.1632 0.0000 56.1728 0.0000 0.0 0.0 
0.5013 0.0982 51.9236 0.0000 0.0 0.0 
0.6692 0.0982 52.8331 0.0000 0.0 0.0 
0.8351 0.0982 52.9803 0.0000 0.0 0.0 
0.9989 0.0982 53.5622 0.0000 0.0 0.0 
0.3321 0.0982 51.3810 0.0000 0.0 0.0 
0.1632 0.0982 50.8521 0.0000 0.0 0.0 
0.0000 0.0982 50.4730 0.0000 0.0 0.0 
0.4995 0.2000 46.3290 0.0000 0.0 0.0 
0.3289 0.2000 44.5647 0.0000 0.0 0.0 
0.1668 0.2000 44.2462 0.0000 0.0 0.0 
0.0000 0.2000 43.7589 0.0000 0.0 0.0 
0.6651 0.2000 45.2095 0.0000 0.0 0.0 
0.8376 0.2000 45.6320 0.0000 0.0 0.0 
0.9989 0.2000 47.1999 0.0000 0.0 0.0 
0.4934 0.2993 37.1773 0.0000 0.0 0.0 
0.6675 0.2993 37.4796 0.0000 0.0 0.0 
0.8358 0.2993 38.9401 0.0000 0.0 0.0 
0.9986 0.2993 37.9882 0.0000 0.0 0.0 
0.3329 0.2993 37.0926 0.0000 0.0 0.0 
0.1602 0.2993 37.2055 0.0000 0.0 0.0 
0.0000 0.2993 36.9036 0.0000 0.0 0.0 
0.4998 0.4119 28.6997 0.0000 0.0 0.0 
0.3289 0.4121 28.6874 0.0000 0.0 0.0 
0.1634 0.4121 28.6185 0.0000 0.0 0.0 
0.0000 0.4121 28.7309 0.0000 0.0 0.0 
0.6602 0.4119 28.5822 0.0000 0.0 0.0 
0.8300 0.4119 28.8232 0.0000 0.0 0.0 
0.9986 0.4119 28.6035 0.0000 0.0 0.0 
0.6660 0.5003 22.0789 0.0000 0.0 0.0 
0.8379 0.5003 21.9562 0.0000 0.0 0.0 
0.3278 0.5003 22.5668 0.0000 0.0 0.0 
0.1608 0.5003 22.7117 0.0000 0.0 0.0 
0.5031 0.5975 16.2393 0.0000 0.0 0.0 
0.6714 0.5975 16.1076 0.0000 0.0 0.0 
0.8347 0.5975 15.9081 0.0000 0.0 0.0 
0.9989 0.5975 15.2977 0.0000 0.0 0.0 
0.3316 0.5975 16.3978 0.0000 0.0 0.0 
0.1610 0.5975 16.7527 0.0000 0.0 0.0 
0.0000 0.5975 17.0550 0.0000 0.0 0.0 
0.5006 0.7014 10.8483 0.0000 0.0 0.0 
0.6739 0.7014 10.6754 0.0000 0.0 0.0 
0.8403 0.7014 10.4712 0.0000 0.0 0.0 
0.9987 0.7014 10.0214 0.0000 0.0 0.0 
0.3321 0.7014 11.1178 0.0000 0.0 0.0 
0.1618 0.7014 11.4179 0.0000 0.0 0.0 
0.0000 0.7014 11.8104 0.0000 0.0 0.0 
0.4973 0.8042 6.5220 0.0000 0.0 0.0 
0.6778 0.8042 6.3224 0.0000 0.0 0.0 
0.8420 0.8042 6.0859 0.0000 0.0 0.0 
0.9987 0.8042 5.8061 0.0000 0.0 0.0 
0.3313 0.8042 6.8949 0.0000 0.0 0.0 
0.1615 0.8042 7.3540 0.0000 0.0 0.0 
0.0000 0.8042 7.7850 0.0000 0.0 0.0 
0.4983 0.8889 4.2011 0.0000 0.0 0.0 
0.6741 0.8889 3.8568 0.0000 0.0 0.0 
0.8332 0.8889 3.5960 0.0000 0.0 0.0 
0.9987 0.8889 3.1723 0.0000 0.0 0.0 
0.3351 0.8889 4.4376 0.0000 0.0 0.0 
0.1840 0.8889 4.8258 0.0000 0.0 0.0 
0.0000 0.8889 5.2965 0.0000 0.0 0.0 
0.3308 0.9998 2.1875 0.0000 0.0 0.0 
0.1566 0.9998 2.7286 0.0000 0.0 0.0 
  