 newLensFormat14
fullLensType Canon
disToTarget 0.000000
focusPointes 7
zoomPointes 11
lensWideVal 7.000000
lensFactorVal 21.000000
numberOfPointes 77 4 
0.0000 0.9992 2.9384 0.0000 0.0 0.0 
0.4972 0.9992 3.2072 0.0000 0.0 0.0 
0.9992 0.9992 3.4735 0.0000 0.0 0.0 
0.0000 0.4981 22.7689 0.0000 0.0 0.0 
0.4938 0.4981 22.1477 0.0000 0.0 0.0 
0.9992 0.4981 22.2208 0.0000 0.0 0.0 
0.0000 0.0010 54.9671 0.0000 0.0 0.0 
0.4983 0.0010 56.6148 0.0000 0.0 0.0 
0.9992 0.0010 58.6548 0.0000 0.0 0.0 
0.1654 0.0023 55.6258 0.0000 0.0 0.0 
0.3299 0.0023 56.1585 0.0000 0.0 0.0 
0.6651 0.0023 57.5014 0.0000 0.0 0.0 
0.8309 0.0023 58.1959 0.0000 0.0 0.0 
0.0000 0.1015 50.0904 0.0000 0.0 0.0 
0.1662 0.1015 50.4696 0.0000 0.0 0.0 
0.3380 0.1015 50.8996 0.0000 0.0 0.0 
0.4986 0.1015 51.3752 0.0000 0.0 0.0 
0.6693 0.1015 51.8876 0.0000 0.0 0.0 
0.8389 0.1015 52.4265 0.0000 0.0 0.0 
0.9991 0.1015 53.0461 0.0000 0.0 0.0 
0.9991 0.1915 46.1264 0.0000 0.0 0.0 
0.8313 0.1915 45.6735 0.0000 0.0 0.0 
0.6633 0.1915 45.2599 0.0000 0.0 0.0 
0.4991 0.1915 44.8842 0.0000 0.0 0.0 
0.3295 0.1915 44.6033 0.0000 0.0 0.0 
0.1631 0.1915 44.3274 0.0000 0.0 0.0 
0.0003 0.1915 44.0692 0.0000 0.0 0.0 
0.9992 0.2978 37.9849 0.0000 0.0 0.0 
0.8250 0.2978 37.1855 0.0000 0.0 0.0 
0.6665 0.2978 37.5506 0.0000 0.0 0.0 
0.4952 0.2978 37.3927 0.0000 0.0 0.0 
0.3321 0.2978 37.2540 0.0000 0.0 0.0 
0.1668 0.2978 37.1276 0.0000 0.0 0.0 
0.0003 0.2978 37.0661 0.0000 0.0 0.0 
0.9992 0.3963 29.9421 0.0000 0.0 0.0 
0.8324 0.3963 29.8318 0.0000 0.0 0.0 
0.6691 0.3963 29.8471 0.0000 0.0 0.0 
0.4949 0.3963 29.8624 0.0000 0.0 0.0 
0.3315 0.3963 29.8654 0.0000 0.0 0.0 
0.1633 0.3963 29.9668 0.0000 0.0 0.0 
0.0003 0.3963 29.9086 0.0000 0.0 0.0 
0.1667 0.4961 23.0535 0.0000 0.0 0.0 
0.3309 0.4961 22.8642 0.0000 0.0 0.0 
0.6671 0.4961 22.5490 0.0000 0.0 0.0 
0.8361 0.4961 22.4372 0.0000 0.0 0.0 
0.0000 0.6029 16.6602 0.0000 0.0 0.0 
0.1626 0.6029 16.4879 0.0000 0.0 0.0 
0.3318 0.6029 16.1260 0.0000 0.0 0.0 
0.5070 0.6029 15.7827 0.0000 0.0 0.0 
0.6665 0.6029 16.1180 0.0000 0.0 0.0 
0.8366 0.6029 16.0165 0.0000 0.0 0.0 
0.9991 0.6029 15.8299 0.0000 0.0 0.0 
0.0019 0.7037 11.5210 0.0000 0.0 0.0 
0.1713 0.7037 11.2788 0.0000 0.0 0.0 
0.3346 0.7037 10.8602 0.0000 0.0 0.0 
0.4991 0.7037 10.3931 0.0000 0.0 0.0 
0.6623 0.7037 9.9998 0.0000 0.0 0.0 
0.8372 0.7037 11.0047 0.0000 0.0 0.0 
0.9991 0.7037 11.6594 0.0000 0.0 0.0 
0.0000 0.8012 7.7755 0.0000 0.0 0.0 
0.1684 0.8012 7.4575 0.0000 0.0 0.0 
0.3335 0.8012 7.0221 0.0000 0.0 0.0 
0.5016 0.8012 7.5035 0.0000 0.0 0.0 
0.6640 0.8012 7.5644 0.0000 0.0 0.0 
0.8360 0.8012 7.7717 0.0000 0.0 0.0 
0.9984 0.8012 8.4946 0.0000 0.0 0.0 
0.0020 0.8932 4.9406 0.0000 0.0 0.0 
0.1712 0.8932 4.6183 0.0000 0.0 0.0 
0.3394 0.8932 4.6513 0.0000 0.0 0.0 
0.5022 0.8932 5.1380 0.0000 0.0 0.0 
0.6701 0.8932 5.5249 0.0000 0.0 0.0 
0.8358 0.8932 5.5405 0.0000 0.0 0.0 
0.9991 0.8932 6.0571 0.0000 0.0 0.0 
0.1612 0.9992 2.2796 0.0000 0.0 0.0 
0.3352 0.9992 2.4431 0.0000 0.0 0.0 
0.6648 0.9992 3.1930 0.0000 0.0 0.0 
0.8324 0.9992 3.1332 0.0000 0.0 0.0 
  