 newLensFormat14
fullLensType Fujinon
disToTarget 0.000000
focusPointes 7
zoomPointes 11
lensWideVal 12.000000
lensFactorVal 10.000000
numberOfPointes 77 4 
0.4964 0.5017 15.6626 0.0000 0.0 0.0 
0.9980 0.5017 13.7069 0.0000 0.0 0.0 
0.0056 0.5014 17.6455 0.0000 0.0 0.0 
0.4967 0.0015 43.7743 0.0000 0.0 0.0 
0.9959 0.0012 40.8219 0.0000 0.0 0.0 
0.0058 0.0012 46.5526 0.0000 0.0 0.0 
0.5020 0.9991 3.0466 0.0000 0.0 0.0 
0.0063 0.9991 4.1528 0.0000 0.0 0.0 
0.9954 0.9991 2.1185 0.0000 0.0 0.0 
0.8337 0.9991 2.2455 0.0000 0.0 0.0 
0.6654 0.9991 2.7205 0.0000 0.0 0.0 
0.3368 0.9991 3.4435 0.0000 0.0 0.0 
0.1618 0.9991 3.7973 0.0000 0.0 0.0 
0.5023 0.8980 4.0109 0.0000 0.0 0.0 
0.3297 0.8919 4.5956 0.0000 0.0 0.0 
0.1659 0.8919 4.9588 0.0000 0.0 0.0 
0.0078 0.8919 5.3524 0.0000 0.0 0.0 
0.9976 0.8919 2.9354 0.0000 0.0 0.0 
0.8311 0.8919 3.3052 0.0000 0.0 0.0 
0.6671 0.8919 3.7498 0.0000 0.0 0.0 
0.6667 0.7985 5.2635 0.0000 0.0 0.0 
0.5042 0.7985 5.6991 0.0000 0.0 0.0 
0.3366 0.7985 6.2121 0.0000 0.0 0.0 
0.1661 0.7985 6.6206 0.0000 0.0 0.0 
0.0030 0.7982 7.0889 0.0000 0.0 0.0 
0.9948 0.7982 4.3684 0.0000 0.0 0.0 
0.8308 0.7982 4.7816 0.0000 0.0 0.0 
0.8306 0.6980 7.2199 0.0000 0.0 0.0 
0.6667 0.6980 7.7556 0.0000 0.0 0.0 
0.4964 0.6980 8.3120 0.0000 0.0 0.0 
0.3312 0.6980 8.8251 0.0000 0.0 0.0 
0.1570 0.6980 9.4477 0.0000 0.0 0.0 
0.0046 0.6980 9.8666 0.0000 0.0 0.0 
0.9981 0.6974 6.7180 0.0000 0.0 0.0 
0.9981 0.5979 10.0264 0.0000 0.0 0.0 
0.8300 0.5979 10.6305 0.0000 0.0 0.0 
0.6686 0.5979 11.1883 0.0000 0.0 0.0 
0.4973 0.5979 11.8009 0.0000 0.0 0.0 
0.3303 0.5979 12.4449 0.0000 0.0 0.0 
0.1646 0.5979 13.0036 0.0000 0.0 0.0 
0.0026 0.5979 13.5869 0.0000 0.0 0.0 
0.8477 0.5014 14.2841 0.0000 0.0 0.0 
0.6669 0.5014 15.0337 0.0000 0.0 0.0 
0.3342 0.5014 16.3382 0.0000 0.0 0.0 
0.1735 0.5014 16.9578 0.0000 0.0 0.0 
0.0056 0.4049 22.2209 0.0000 0.0 0.0 
0.1635 0.4046 21.4910 0.0000 0.0 0.0 
0.3372 0.4046 20.7821 0.0000 0.0 0.0 
0.5031 0.4046 20.0446 0.0000 0.0 0.0 
0.6664 0.4046 19.2385 0.0000 0.0 0.0 
0.8386 0.4046 18.5763 0.0000 0.0 0.0 
0.9978 0.4043 17.9100 0.0000 0.0 0.0 
0.9978 0.2922 23.5815 0.0000 0.0 0.0 
0.8296 0.2922 24.4953 0.0000 0.0 0.0 
0.6632 0.2922 25.0463 0.0000 0.0 0.0 
0.4921 0.2922 26.0678 0.0000 0.0 0.0 
0.3325 0.2922 26.8679 0.0000 0.0 0.0 
0.1689 0.2922 27.4801 0.0000 0.0 0.0 
0.0026 0.2922 28.3588 0.0000 0.0 0.0 
0.0026 0.1976 33.9707 0.0000 0.0 0.0 
0.1620 0.1976 33.0765 0.0000 0.0 0.0 
0.3327 0.1976 32.1248 0.0000 0.0 0.0 
0.5033 0.1976 31.3907 0.0000 0.0 0.0 
0.6667 0.1976 30.4347 0.0000 0.0 0.0 
0.8354 0.1976 29.7021 0.0000 0.0 0.0 
0.9935 0.1973 28.8327 0.0000 0.0 0.0 
0.9935 0.0959 35.0823 0.0000 0.0 0.0 
0.8339 0.0956 36.3946 0.0000 0.0 0.0 
0.6697 0.0956 36.8907 0.0000 0.0 0.0 
0.5034 0.0956 37.6991 0.0000 0.0 0.0 
0.3310 0.0956 38.5946 0.0000 0.0 0.0 
0.1687 0.0956 39.4780 0.0000 0.0 0.0 
0.0033 0.0953 40.5187 0.0000 0.0 0.0 
0.1689 0.0027 45.4015 0.0000 0.0 0.0 
0.3353 0.0027 44.4280 0.0000 0.0 0.0 
0.6688 0.0027 42.9114 0.0000 0.0 0.0 
0.8363 0.0027 41.9464 0.0000 0.0 0.0 
  