 newLensFormat14
fullLensType Fujinon
disToTarget 0.000000
focusPointes 5
zoomPointes 9
lensWideVal 19.000000
lensFactorVal 8.700000
numberOfPointes 47 4 
0.9971 0.0012 46.5312 0.0000 0.0 0.0 
0.4970 0.0015 49.3521 0.0000 0.0 0.0 
0.0000 0.0012 51.9395 0.0000 0.0 0.0 
0.0000 0.4943 15.2102 0.0000 0.0 0.0 
0.5040 0.5023 13.1416 0.0000 0.0 0.0 
0.9968 0.5023 11.2482 0.0000 0.0 0.0 
0.0213 1.0000 3.0420 0.0000 0.0 0.0 
0.4821 1.0000 1.5618 0.0000 0.0 0.0 
0.9985 1.0000 0.0778 0.0000 0.0 0.0 
0.4983 0.8734 3.1614 0.0000 0.0 0.0 
0.2539 0.8734 3.8538 0.0000 0.0 0.0 
0.0015 0.8651 4.5832 0.0000 0.0 0.0 
0.4960 0.7348 5.6569 0.0000 0.0 0.0 
0.2503 0.7348 6.4849 0.0000 0.0 0.0 
0.0000 0.7348 7.4305 0.0000 0.0 0.0 
0.7632 0.7348 4.7662 0.0000 0.0 0.0 
0.5002 0.6169 8.7767 0.0000 0.0 0.0 
0.2436 0.6169 9.7189 0.0000 0.0 0.0 
0.0000 0.6169 10.5374 0.0000 0.0 0.0 
0.7571 0.6169 7.7994 0.0000 0.0 0.0 
0.7571 0.4943 12.3938 0.0000 0.0 0.0 
0.2353 0.4943 14.5368 0.0000 0.0 0.0 
0.2606 0.3653 21.6573 0.0000 0.0 0.0 
0.0000 0.3653 22.7602 0.0000 0.0 0.0 
0.5101 0.3653 20.5328 0.0000 0.0 0.0 
0.7552 0.3653 19.3456 0.0000 0.0 0.0 
0.9990 0.3653 18.1937 0.0000 0.0 0.0 
0.9990 0.2488 26.1959 0.0000 0.0 0.0 
0.7486 0.2488 27.1865 0.0000 0.0 0.0 
0.4958 0.2488 28.9213 0.0000 0.0 0.0 
0.2491 0.2488 29.9502 0.0000 0.0 0.0 
0.0000 0.2488 30.9442 0.0000 0.0 0.0 
0.0000 0.1321 40.7057 0.0000 0.0 0.0 
0.2463 0.1321 39.2044 0.0000 0.0 0.0 
0.5124 0.1321 37.9113 0.0000 0.0 0.0 
0.7459 0.1321 36.3836 0.0000 0.0 0.0 
0.9990 0.1321 35.4871 0.0000 0.0 0.0 
0.7545 0.0015 47.2031 0.0000 0.0 0.0 
0.2402 0.0015 50.3434 0.0000 0.0 0.0 
0.0576 0.0715 44.8831 0.0000 0.0 0.0 
0.0576 0.1891 35.4333 0.0000 0.0 0.0 
0.0576 0.4330 18.0645 0.0000 0.0 0.0 
0.0576 0.6517 9.1443 0.0000 0.0 0.0 
0.0576 0.5544 12.5783 0.0000 0.0 0.0 
0.0576 0.6822 8.3859 0.0000 0.0 0.0 
0.0576 0.8112 5.3934 0.0000 0.0 0.0 
0.0576 0.9455 3.6702 0.0000 0.0 0.0 
  