 newLensFormat14
fullLensType Fujinon
disToTarget 0.000000
focusPointes 7
zoomPointes 11
lensWideVal 20.000000
lensFactorVal 8.100000
numberOfPointes 72 4 
0.9998 0.0000 54.3322 0.0000 0.0 0.0 
0.5071 0.0000 58.2383 0.0000 0.0 0.0 
0.0006 0.0003 61.9511 0.0000 0.0 0.0 
1.0000 0.4992 19.4449 0.0000 0.0 0.0 
0.5015 0.4982 22.7661 0.0000 0.0 0.0 
0.0000 0.4989 27.6097 0.0000 0.0 0.0 
0.0000 1.0000 5.9939 0.0000 0.0 0.0 
0.4954 1.0000 3.1441 0.0000 0.0 0.0 
1.0000 1.0000 0.9623 0.0000 0.0 0.0 
0.1649 1.0000 4.7952 0.0000 0.0 0.0 
0.3316 1.0000 4.0128 0.0000 0.0 0.0 
0.0008 0.8953 10.3939 0.0000 0.0 0.0 
0.1638 0.8949 9.4714 0.0000 0.0 0.0 
0.3354 0.8949 8.4320 0.0000 0.0 0.0 
0.4954 0.8946 7.6261 0.0000 0.0 0.0 
0.6666 0.8946 6.1982 0.0000 0.0 0.0 
0.0004 0.7912 15.1035 0.0000 0.0 0.0 
0.1700 0.7912 13.8696 0.0000 0.0 0.0 
0.3369 0.7912 12.5700 0.0000 0.0 0.0 
0.5066 0.7912 11.7773 0.0000 0.0 0.0 
0.6725 0.7912 11.0542 0.0000 0.0 0.0 
0.8329 0.7909 9.9361 0.0000 0.0 0.0 
1.0000 0.7909 9.1539 0.0000 0.0 0.0 
0.0006 0.7028 17.9743 0.0000 0.0 0.0 
0.1694 0.7028 16.0578 0.0000 0.0 0.0 
0.3369 0.7028 14.8035 0.0000 0.0 0.0 
0.5113 0.7028 13.8955 0.0000 0.0 0.0 
0.6654 0.7028 13.0743 0.0000 0.0 0.0 
0.8270 0.7028 12.4555 0.0000 0.0 0.0 
0.9998 0.7028 11.4103 0.0000 0.0 0.0 
0.0006 0.6010 21.9667 0.0000 0.0 0.0 
0.1616 0.6010 20.4015 0.0000 0.0 0.0 
0.3404 0.6010 18.6894 0.0000 0.0 0.0 
0.5024 0.6007 17.6235 0.0000 0.0 0.0 
0.6623 0.6007 16.7567 0.0000 0.0 0.0 
0.9996 0.6007 14.7465 0.0000 0.0 0.0 
0.1653 0.4985 26.1487 0.0000 0.0 0.0 
0.3338 0.4982 24.2866 0.0000 0.0 0.0 
0.6770 0.4982 21.5383 0.0000 0.0 0.0 
0.8327 0.4982 20.7498 0.0000 0.0 0.0 
0.0006 0.3961 33.0414 0.0000 0.0 0.0 
0.1645 0.3961 31.6049 0.0000 0.0 0.0 
0.3397 0.3964 30.1939 0.0000 0.0 0.0 
0.5038 0.3964 28.8188 0.0000 0.0 0.0 
0.6719 0.3964 27.4242 0.0000 0.0 0.0 
0.8464 0.3967 26.3667 0.0000 0.0 0.0 
0.9996 0.3967 25.1811 0.0000 0.0 0.0 
0.0004 0.3018 38.7086 0.0000 0.0 0.0 
0.1708 0.3018 37.4480 0.0000 0.0 0.0 
0.3369 0.3018 36.4256 0.0000 0.0 0.0 
0.5148 0.3018 35.3679 0.0000 0.0 0.0 
0.6697 0.3015 34.1695 0.0000 0.0 0.0 
0.8390 0.3015 33.0144 0.0000 0.0 0.0 
1.0000 0.3015 31.9108 0.0000 0.0 0.0 
0.0010 0.1889 46.8008 0.0000 0.0 0.0 
0.1724 0.1889 45.8680 0.0000 0.0 0.0 
0.3465 0.1889 44.6480 0.0000 0.0 0.0 
0.5048 0.1889 43.2917 0.0000 0.0 0.0 
0.6643 0.1889 41.6348 0.0000 0.0 0.0 
0.8386 0.1889 40.3261 0.0000 0.0 0.0 
1.0000 0.1889 39.4836 0.0000 0.0 0.0 
0.0006 0.0923 54.1918 0.0000 0.0 0.0 
0.1694 0.0923 52.6416 0.0000 0.0 0.0 
0.3350 0.0923 51.8609 0.0000 0.0 0.0 
0.4936 0.0923 50.6741 0.0000 0.0 0.0 
0.6733 0.0923 49.2319 0.0000 0.0 0.0 
0.8333 0.0923 48.1499 0.0000 0.0 0.0 
0.9992 0.0923 47.1883 0.0000 0.0 0.0 
0.1728 0.0003 60.6943 0.0000 0.0 0.0 
0.3344 0.0003 59.9838 0.0000 0.0 0.0 
0.6787 0.0000 56.8778 0.0000 0.0 0.0 
0.8321 0.0000 55.5826 0.0000 0.0 0.0 
  