 newLensFormat14
fullLensType Fujinon_N
disToTarget 0.000000
focusPointes 7
zoomPointes 11
lensWideVal 12.000000
lensFactorVal 10.000000
numberOfPointes 73 4 
0.0143 0.0046 42.4022 0.0000 0.0 0.0 
0.4989 0.0046 40.0537 0.0000 0.0 0.0 
1.0000 0.0049 37.4234 0.0000 0.0 0.0 
0.9903 0.4921 13.4834 0.0000 0.0 0.0 
0.5006 0.4900 15.2651 0.0000 0.0 0.0 
0.0130 0.4900 16.9898 0.0000 0.0 0.0 
0.0128 0.9991 4.1984 0.0000 0.0 0.0 
0.3442 0.9991 3.5005 0.0000 0.0 0.0 
0.5093 0.9991 3.1433 0.0000 0.0 0.0 
0.6103 0.9991 2.9665 0.0000 0.0 0.0 
0.8366 0.8987 3.2616 0.0000 0.0 0.0 
0.6679 0.8987 3.7564 0.0000 0.0 0.0 
0.5117 0.8987 4.0973 0.0000 0.0 0.0 
0.3286 0.8987 4.5042 0.0000 0.0 0.0 
0.1659 0.8987 4.8755 0.0000 0.0 0.0 
0.0154 0.8987 5.2257 0.0000 0.0 0.0 
0.0154 0.7955 6.9604 0.0000 0.0 0.0 
0.1727 0.7955 6.5696 0.0000 0.0 0.0 
0.3416 0.7955 6.1212 0.0000 0.0 0.0 
0.5123 0.7955 5.7123 0.0000 0.0 0.0 
0.6700 0.7955 5.2849 0.0000 0.0 0.0 
0.8312 0.7955 4.9072 0.0000 0.0 0.0 
0.9835 0.7955 4.4723 0.0000 0.0 0.0 
0.9833 0.7051 6.4834 0.0000 0.0 0.0 
0.8265 0.7051 6.9548 0.0000 0.0 0.0 
0.6701 0.7051 7.4069 0.0000 0.0 0.0 
0.5063 0.7051 7.8586 0.0000 0.0 0.0 
0.3300 0.7051 8.3668 0.0000 0.0 0.0 
0.1512 0.7051 8.8858 0.0000 0.0 0.0 
0.0128 0.7051 9.2541 0.0000 0.0 0.0 
0.0128 0.6068 12.4928 0.0000 0.0 0.0 
0.1826 0.6071 11.9494 0.0000 0.0 0.0 
0.3278 0.6071 11.4677 0.0000 0.0 0.0 
0.5033 0.6071 10.8861 0.0000 0.0 0.0 
0.6703 0.6071 10.3944 0.0000 0.0 0.0 
0.8299 0.6071 9.8924 0.0000 0.0 0.0 
0.9903 0.6071 9.3467 0.0000 0.0 0.0 
0.8332 0.4900 14.0587 0.0000 0.0 0.0 
0.6789 0.4900 14.5994 0.0000 0.0 0.0 
0.3356 0.4900 15.8558 0.0000 0.0 0.0 
0.1582 0.4900 16.5049 0.0000 0.0 0.0 
0.0199 0.4066 20.6118 0.0000 0.0 0.0 
0.1532 0.4066 20.0506 0.0000 0.0 0.0 
0.3412 0.4066 19.2912 0.0000 0.0 0.0 
0.4991 0.4066 18.7388 0.0000 0.0 0.0 
0.6722 0.4066 18.0457 0.0000 0.0 0.0 
0.8540 0.4066 17.3232 0.0000 0.0 0.0 
0.9905 0.4066 16.7952 0.0000 0.0 0.0 
0.9888 0.2937 21.9599 0.0000 0.0 0.0 
0.8397 0.2934 22.6177 0.0000 0.0 0.0 
0.6666 0.2934 23.3367 0.0000 0.0 0.0 
0.5117 0.2934 23.9772 0.0000 0.0 0.0 
0.3323 0.2934 24.8050 0.0000 0.0 0.0 
0.1833 0.2934 25.3998 0.0000 0.0 0.0 
0.0128 0.2934 26.1148 0.0000 0.0 0.0 
0.0130 0.2060 30.7143 0.0000 0.0 0.0 
0.1753 0.2060 30.0251 0.0000 0.0 0.0 
0.3353 0.2060 29.3368 0.0000 0.0 0.0 
0.5017 0.2060 28.5004 0.0000 0.0 0.0 
0.6664 0.2060 27.7924 0.0000 0.0 0.0 
0.8380 0.2060 26.9664 0.0000 0.0 0.0 
0.9903 0.2060 26.2863 0.0000 0.0 0.0 
0.9903 0.1007 31.9574 0.0000 0.0 0.0 
0.8239 0.1007 32.9880 0.0000 0.0 0.0 
0.6772 0.1004 33.5881 0.0000 0.0 0.0 
0.5013 0.1004 34.3391 0.0000 0.0 0.0 
0.3419 0.1004 35.1208 0.0000 0.0 0.0 
0.1540 0.1004 36.0439 0.0000 0.0 0.0 
0.0128 0.1004 36.6764 0.0000 0.0 0.0 
0.1852 0.0046 41.5525 0.0000 0.0 0.0 
0.3234 0.0046 40.9119 0.0000 0.0 0.0 
0.6759 0.0046 38.9462 0.0000 0.0 0.0 
0.8237 0.0046 38.3270 0.0000 0.0 0.0 
  