 newLensFormat14
fullLensType Angenieux
disToTarget 468.000000
focusPointes 5
zoomPointes 5
lensWideVal 11.000000
lensFactorVal 40.000000
numberOfPointes 45 4 
0.5032 0.4624 9.5070 -9.0678 0.0 0.0 
0.5032 0.9987 0.8469 -9.0678 0.0 0.0 
0.5034 0.0002 39.7953 -38.3051 0.0 0.0 
0.0018 0.0002 38.3872 -38.3051 0.0 0.0 
0.0018 0.4740 8.3065 -17.2782 0.0 0.0 
0.0017 0.8514 0.9499 -23.7790 0.0 0.0 
0.9998 0.0000 43.6431 -71.1979 0.0 0.0 
0.9998 0.4760 9.9941 -25.9860 0.0 0.0 
0.9998 0.9987 1.2915 1.3638 0.0 0.0 
0.7720 0.0000 41.7056 -51.6292 0.0 0.0 
0.7720 0.2238 24.3802 -43.4767 0.0 0.0 
0.7720 0.4387 11.3161 -23.4360 0.0 0.0 
0.7720 0.7037 2.9972 -1.2244 0.0 0.0 
0.7720 0.9986 1.0703 0.3126 0.0 0.0 
1.0000 0.2183 25.8468 -54.4859 0.0 0.0 
1.0000 0.7010 3.3104 -7.3776 0.0 0.0 
0.5039 0.1966 25.5770 -42.7271 0.0 0.0 
0.5025 0.6968 2.7244 19.2179 0.0 0.0 
0.2497 0.0003 39.0196 -37.1083 0.0 0.0 
0.2495 0.2266 22.6147 -37.7064 0.0 0.0 
0.2495 0.4360 10.3278 -16.1935 0.0 0.0 
0.2488 0.7025 2.4895 0.8747 0.0 0.0 
0.0008 0.2263 22.3253 -41.7890 0.0 0.0 
0.0008 0.7123 2.2511 -17.0467 0.0 0.0 
0.0008 0.9991 1.1478 -29.4148 0.0 0.0 
0.2460 0.9991 0.6372 -16.9093 0.0 0.0 
0.6515 0.6445 3.7445 5.8401 0.0 0.0 
0.6515 0.9972 0.9930 -2.6638 0.0 0.0 
0.7927 0.9341 1.2134 1.9011 0.0 0.0 
0.8790 0.3529 16.4327 -36.1553 0.0 0.0 
0.8790 0.0014 42.8975 -60.8513 0.0 0.0 
0.6436 0.0012 40.5591 -44.1871 0.0 0.0 
0.6431 0.1900 26.4283 -42.7928 0.0 0.0 
0.6431 0.4390 10.9566 -17.2321 0.0 0.0 
0.6431 0.7196 2.6468 9.7868 0.0 0.0 
0.6431 0.5520 6.0083 -1.4245 0.0 0.0 
0.3809 0.0005 39.4879 -37.4014 0.0 0.0 
0.3809 0.4408 10.3680 -13.8465 0.0 0.0 
0.3807 0.6174 3.9056 8.0943 0.0 0.0 
0.3807 0.8329 1.4641 5.2999 0.0 0.0 
0.1175 0.0011 38.5331 -37.8779 0.0 0.0 
0.1175 0.2349 21.8105 -38.9648 0.0 0.0 
0.1175 0.4460 9.7697 -17.5411 0.0 0.0 
0.1175 0.5798 4.5860 -9.0113 0.0 0.0 
0.1176 0.7025 2.4302 -9.0740 0.0 0.0 
  