 newLensFormat14
fullLensType Canon
disToTarget 0.000000
focusPointes 7
zoomPointes 11
lensWideVal 9.000000
lensFactorVal 19.000000
numberOfPointes 77 4 
1.0000 0.0000 43.0086 0.0000 0.0 0.0 
0.4975 0.0000 46.0004 0.0000 0.0 0.0 
0.0002 0.0000 49.2589 0.0000 0.0 0.0 
0.0000 0.5039 16.4095 0.0000 0.0 0.0 
0.4882 0.4999 14.3438 0.0000 0.0 0.0 
1.0000 0.4999 12.1639 0.0000 0.0 0.0 
0.0002 0.9997 3.0484 0.0000 0.0 0.0 
0.5045 0.9997 1.9432 0.0000 0.0 0.0 
1.0000 0.9997 1.0895 0.0000 0.0 0.0 
0.8324 1.0000 1.4058 0.0000 0.0 0.0 
0.6597 1.0000 1.6436 0.0000 0.0 0.0 
0.3260 1.0000 2.3166 0.0000 0.0 0.0 
0.1642 1.0000 2.6981 0.0000 0.0 0.0 
0.4989 0.8978 2.6444 0.0000 0.0 0.0 
0.0009 0.8975 3.9111 0.0000 0.0 0.0 
0.1698 0.8975 3.4738 0.0000 0.0 0.0 
0.3331 0.8975 3.0712 0.0000 0.0 0.0 
0.6569 0.8975 2.3412 0.0000 0.0 0.0 
0.8391 0.8975 2.0167 0.0000 0.0 0.0 
1.0000 0.8975 1.6956 0.0000 0.0 0.0 
0.5002 0.7980 4.1818 0.0000 0.0 0.0 
0.0005 0.7980 5.6304 0.0000 0.0 0.0 
0.1662 0.7980 5.1403 0.0000 0.0 0.0 
0.3353 0.7980 4.6435 0.0000 0.0 0.0 
0.6676 0.7980 3.7126 0.0000 0.0 0.0 
0.8374 0.7980 3.1613 0.0000 0.0 0.0 
1.0000 0.7980 2.7807 0.0000 0.0 0.0 
0.5054 0.6999 6.5853 0.0000 0.0 0.0 
0.0007 0.7004 8.2275 0.0000 0.0 0.0 
0.1675 0.7004 7.6603 0.0000 0.0 0.0 
0.3364 0.7004 7.1041 0.0000 0.0 0.0 
0.6714 0.7001 6.0106 0.0000 0.0 0.0 
0.8396 0.7001 5.4602 0.0000 0.0 0.0 
1.0000 0.7001 4.9280 0.0000 0.0 0.0 
0.4928 0.6052 9.8658 0.0000 0.0 0.0 
0.3300 0.6052 10.4761 0.0000 0.0 0.0 
0.1627 0.6052 11.1169 0.0000 0.0 0.0 
0.0011 0.6052 11.7274 0.0000 0.0 0.0 
0.6620 0.6052 9.2239 0.0000 0.0 0.0 
0.8336 0.6052 8.5808 0.0000 0.0 0.0 
1.0000 0.6052 7.9444 0.0000 0.0 0.0 
0.3298 0.4999 15.0301 0.0000 0.0 0.0 
0.1635 0.4999 15.7477 0.0000 0.0 0.0 
0.6707 0.4999 13.5573 0.0000 0.0 0.0 
0.8394 0.4999 12.8400 0.0000 0.0 0.0 
0.4962 0.4087 19.4695 0.0000 0.0 0.0 
0.3344 0.4087 20.2412 0.0000 0.0 0.0 
0.1604 0.4087 21.0788 0.0000 0.0 0.0 
0.0009 0.4087 21.8165 0.0000 0.0 0.0 
0.6687 0.4087 18.6452 0.0000 0.0 0.0 
0.8374 0.4087 17.8489 0.0000 0.0 0.0 
0.9998 0.4087 17.0683 0.0000 0.0 0.0 
0.5011 0.2987 26.1582 0.0000 0.0 0.0 
0.3360 0.2987 27.0292 0.0000 0.0 0.0 
0.1618 0.2987 27.9872 0.0000 0.0 0.0 
0.0011 0.2987 28.8094 0.0000 0.0 0.0 
0.6691 0.2987 25.2916 0.0000 0.0 0.0 
0.8347 0.2987 24.4272 0.0000 0.0 0.0 
1.0000 0.2987 23.5611 0.0000 0.0 0.0 
0.4938 0.1977 33.1267 0.0000 0.0 0.0 
0.3316 0.1977 34.0932 0.0000 0.0 0.0 
0.1640 0.1977 35.0387 0.0000 0.0 0.0 
0.0014 0.1977 35.8544 0.0000 0.0 0.0 
0.6687 0.1977 32.1183 0.0000 0.0 0.0 
0.8316 0.1977 31.1909 0.0000 0.0 0.0 
1.0000 0.1977 30.2256 0.0000 0.0 0.0 
0.5018 0.1028 39.5733 0.0000 0.0 0.0 
0.3284 0.1028 40.6263 0.0000 0.0 0.0 
0.1626 0.1028 41.6418 0.0000 0.0 0.0 
0.0014 0.1028 42.5754 0.0000 0.0 0.0 
0.6678 0.1028 38.5210 0.0000 0.0 0.0 
0.8387 0.1028 37.5347 0.0000 0.0 0.0 
1.0000 0.1028 36.5381 0.0000 0.0 0.0 
0.3298 0.0000 47.1522 0.0000 0.0 0.0 
0.1644 0.0000 48.1097 0.0000 0.0 0.0 
0.6680 0.0000 44.9676 0.0000 0.0 0.0 
0.8358 0.0000 43.9765 0.0000 0.0 0.0 
  