 newLensFormat14
fullLensType Canon
disToTarget 462.000000
focusPointes 3
zoomPointes 3
lensWideVal 11.000000
lensFactorVal 33.000000
numberOfPointes 38 4 
0.9926 0.9979 1.7272 -0.0000 0.0 0.0 
0.9923 0.0003 41.6418 -30.9322 0.0 0.0 
0.9923 0.4650 16.0236 -25.2721 0.0 0.0 
0.5104 0.0006 40.7596 -44.6588 0.0 0.0 
0.5111 0.4796 13.8506 -23.2289 0.0 0.0 
0.5111 0.9994 1.2335 -2.7001 0.0 0.0 
0.0003 0.0018 39.1010 -50.7959 0.0 0.0 
0.0004 0.4708 12.7373 -23.2540 0.0 0.0 
0.0007 0.9997 0.6801 -1.9781 0.0 0.0 
0.0004 0.6063 7.2905 -17.3613 0.0 0.0 
0.0004 0.7463 3.3833 14.8576 0.0 0.0 
0.0004 0.8719 1.5457 27.8376 0.0 0.0 
0.2412 0.0014 39.6938 -46.3057 0.0 0.0 
0.2412 0.2321 26.5870 -36.6678 0.0 0.0 
0.2413 0.4743 13.3357 -24.8560 0.0 0.0 
0.2413 0.5831 8.4985 -4.2425 0.0 0.0 
0.2414 0.7535 3.4759 44.2181 0.0 0.0 
0.2412 0.8117 2.5391 46.3724 0.0 0.0 
0.2410 0.9266 1.3812 32.6295 0.0 0.0 
0.4997 0.2281 27.9549 -38.5467 0.0 0.0 
0.4999 0.3527 20.0084 -20.8214 0.0 0.0 
0.4997 0.5746 9.4916 -9.5437 0.0 0.0 
0.4997 0.6685 6.2713 3.0280 0.0 0.0 
0.4996 0.7712 3.8412 10.5418 0.0 0.0 
0.4996 0.8608 2.3142 35.1623 0.0 0.0 
0.4996 0.9405 1.4644 62.3679 0.0 0.0 
0.7387 0.0006 41.9056 -48.6947 0.0 0.0 
0.7390 0.2297 28.8057 -39.0787 0.0 0.0 
0.7390 0.4687 14.7911 -16.0628 0.0 0.0 
0.7391 0.5812 9.8571 -9.1551 0.0 0.0 
0.7391 0.6912 6.1405 1.8175 0.0 0.0 
0.7390 0.7984 3.7210 7.4902 0.0 0.0 
0.7390 0.9986 1.5026 -14.8329 0.0 0.0 
0.9949 0.2432 28.6382 -32.3341 0.0 0.0 
0.9949 0.5687 11.1015 -15.2648 0.0 0.0 
0.9949 0.6932 6.6817 -2.8623 0.0 0.0 
0.9949 0.7887 4.4058 3.4433 0.0 0.0 
0.9949 0.8907 2.7970 5.4445 0.0 0.0 
  