 newLensFormat14
fullLensType Canon
disToTarget 0.000000
focusPointes 7
zoomPointes 11
lensWideVal 16.000000
lensFactorVal 33.000000
numberOfPointes 77 4 
0.0000 0.0002 36.2760 0.0000 0.0 0.0 
0.4909 0.0002 34.3627 0.0000 0.0 0.0 
1.0000 0.0002 32.3329 0.0000 0.0 0.0 
1.0000 0.4909 9.5742 0.0000 0.0 0.0 
0.4956 0.4909 10.8861 0.0000 0.0 0.0 
0.0000 0.4909 12.1842 0.0000 0.0 0.0 
0.0000 0.9999 1.3162 0.0000 0.0 0.0 
0.5081 0.9995 0.5185 0.0000 0.0 0.0 
1.0000 0.9995 -0.1410 0.0000 0.0 0.0 
0.8302 0.0000 32.9729 0.0000 0.0 0.0 
0.6671 0.0000 33.6364 0.0000 0.0 0.0 
0.3247 0.0000 34.9379 0.0000 0.0 0.0 
0.1645 0.0000 35.6154 0.0000 0.0 0.0 
0.0000 0.1032 31.3536 0.0000 0.0 0.0 
0.1682 0.1032 30.7954 0.0000 0.0 0.0 
0.3378 0.1032 30.1204 0.0000 0.0 0.0 
0.4990 0.1032 29.5262 0.0000 0.0 0.0 
0.6677 0.1032 28.8731 0.0000 0.0 0.0 
0.8417 0.1032 28.2300 0.0000 0.0 0.0 
1.0000 0.1032 27.6313 0.0000 0.0 0.0 
1.0000 0.1988 22.8959 0.0000 0.0 0.0 
0.8267 0.1988 23.5257 0.0000 0.0 0.0 
0.6709 0.1989 24.0731 0.0000 0.0 0.0 
0.4964 0.1989 24.6571 0.0000 0.0 0.0 
0.3304 0.1989 25.2301 0.0000 0.0 0.0 
0.1684 0.1989 25.8113 0.0000 0.0 0.0 
0.0000 0.1989 26.3750 0.0000 0.0 0.0 
0.0000 0.3002 21.0998 0.0000 0.0 0.0 
0.1550 0.3002 20.6118 0.0000 0.0 0.0 
0.3353 0.3002 20.0015 0.0000 0.0 0.0 
0.4963 0.3002 19.5078 0.0000 0.0 0.0 
0.6697 0.3002 18.9429 0.0000 0.0 0.0 
0.8461 0.3002 18.3441 0.0000 0.0 0.0 
1.0000 0.3002 17.8588 0.0000 0.0 0.0 
1.0000 0.3985 13.3398 0.0000 0.0 0.0 
0.8219 0.3985 13.8757 0.0000 0.0 0.0 
0.6649 0.3985 14.3285 0.0000 0.0 0.0 
0.5055 0.3985 14.7989 0.0000 0.0 0.0 
0.3279 0.3985 15.3103 0.0000 0.0 0.0 
0.1565 0.3985 15.7640 0.0000 0.0 0.0 
0.0000 0.3985 16.2494 0.0000 0.0 0.0 
0.1677 0.4975 11.4782 0.0000 0.0 0.0 
0.3318 0.4975 11.0548 0.0000 0.0 0.0 
0.6717 0.4975 10.1529 0.0000 0.0 0.0 
0.8429 0.4975 9.7030 0.0000 0.0 0.0 
1.0000 0.5950 6.0398 0.0000 0.0 0.0 
0.8331 0.5950 6.4334 0.0000 0.0 0.0 
0.6663 0.5950 6.7981 0.0000 0.0 0.0 
0.4972 0.5950 7.1839 0.0000 0.0 0.0 
0.3325 0.5950 7.5280 0.0000 0.0 0.0 
0.1667 0.5950 7.9094 0.0000 0.0 0.0 
0.0001 0.5950 8.2995 0.0000 0.0 0.0 
0.0001 0.6971 5.4053 0.0000 0.0 0.0 
0.1667 0.6972 5.0628 0.0000 0.0 0.0 
0.3346 0.6972 4.7286 0.0000 0.0 0.0 
0.4966 0.6972 4.4127 0.0000 0.0 0.0 
0.6709 0.6972 4.0812 0.0000 0.0 0.0 
0.8354 0.6972 3.7617 0.0000 0.0 0.0 
1.0000 0.6972 3.4966 0.0000 0.0 0.0 
1.0000 0.7978 1.7218 0.0000 0.0 0.0 
0.8258 0.7978 2.0203 0.0000 0.0 0.0 
0.6650 0.7978 2.2662 0.0000 0.0 0.0 
0.4952 0.7978 2.5305 0.0000 0.0 0.0 
0.3327 0.7978 2.7843 0.0000 0.0 0.0 
0.1637 0.7978 3.0540 0.0000 0.0 0.0 
0.0001 0.7978 3.3195 0.0000 0.0 0.0 
0.0001 0.8996 1.9763 0.0000 0.0 0.0 
0.1726 0.8996 1.7430 0.0000 0.0 0.0 
0.3286 0.8996 1.5435 0.0000 0.0 0.0 
0.5037 0.8996 1.3215 0.0000 0.0 0.0 
0.6648 0.8996 1.1078 0.0000 0.0 0.0 
0.8412 0.8996 0.9362 0.0000 0.0 0.0 
1.0000 0.8996 0.6319 0.0000 0.0 0.0 
0.1688 0.9999 1.0368 0.0000 0.0 0.0 
0.3316 0.9999 0.8022 0.0000 0.0 0.0 
0.6621 0.9999 0.3001 0.0000 0.0 0.0 
0.8309 0.9999 0.0582 0.0000 0.0 0.0 
  