VIZ_LENS_FILE_V01
ASPECT_169Y
11111111111111111111111111111111111111111111111111111111111111111111111
LENSTYPE 4.500000 13.000000
SCALE 1.000000 1.000000 1.000000 1.000000
reserved
reserved
reserved
reserved
reserved
reserved
reserved
reserved
POINTS 71
0.000000	0.000000	61.058626	36.704009	0.000000	0.000000	-0.074981	0.000000	0.000000
0.000000	0.166666	61.793637	37.207172	0.000000	0.000000	-0.002435	0.000000	0.000000
0.000000	0.333333	63.123434	38.123589	0.000000	0.000000	0.121469	0.000000	0.000000
0.000000	0.500000	63.300622	38.246293	0.000000	0.000000	0.236035	0.000000	0.000000
0.000000	0.666666	64.277797	38.925593	0.000000	0.000000	0.350600	0.000000	0.000000
0.000000	0.833333	63.268121	38.395326	0.000000	0.000000	0.581719	0.000000	0.000000
0.000000	0.944742	63.899197	38.453388	0.000000	0.000000	0.674590	0.000000	0.000000
0.000000	1.000000	63.428688	38.516853	0.000000	0.000000	0.830552	0.000000	0.000000
0.166666	0.000000	46.903565	27.426561	0.000000	0.000000	-0.396403	0.000000	0.000000
0.166666	0.166666	47.846203	28.022553	0.000000	0.000000	-0.357076	0.000000	0.000000
0.166666	0.333333	48.851497	28.661256	0.000000	0.000000	-0.314160	0.000000	0.000000
0.166666	0.500000	50.041115	29.421303	0.000000	0.000000	-0.205881	0.000000	0.000000
0.166666	0.666666	51.180639	30.153776	0.000000	0.000000	-0.176246	0.000000	0.000000
0.166666	0.833333	49.938235	29.355388	0.000000	0.000000	-0.111789	0.000000	0.000000
0.166666	1.000000	50.895390	29.341047	0.000000	0.000000	-0.025654	0.000000	0.000000
0.166839	0.946932	50.678235	29.814032	0.000000	0.000000	-0.043568	0.000000	0.000000
0.333333	0.000000	31.775085	18.191739	0.000000	0.000000	-0.482054	0.000000	0.000000
0.333333	0.166666	33.074399	18.963749	0.000000	0.000000	-0.434709	0.000000	0.000000
0.333333	0.333333	34.035604	19.537087	0.000000	0.000000	-0.398020	0.000000	0.000000
0.333333	0.500000	35.324769	20.309129	0.000000	0.000000	-0.359777	0.000000	0.000000
0.333333	0.666666	36.253531	20.867602	0.000000	0.000000	-0.357538	0.000000	0.000000
0.333333	0.833333	35.378940	20.336578	0.000000	0.000000	-0.307258	0.000000	0.000000
0.333333	1.000000	36.536712	17.893868	0.000000	0.000000	-0.278807	0.000000	0.000000
0.337000	0.945900	35.877563	20.633478	0.000000	0.000000	-0.290986	0.000000	0.000000
0.413035	0.941523	29.295677	16.657057	0.000000	0.000000	-0.312553	0.000000	0.000000
0.413521	0.834606	28.773985	16.414419	0.000000	0.000000	-0.305941	0.000000	0.000000
0.414925	1.000000	29.761960	16.939298	0.000000	0.000000	-0.311730	0.000000	0.000000
0.500000	0.000000	17.677597	9.997840	0.000000	0.000000	-0.324930	0.000000	0.000000
0.500000	0.166666	18.661323	10.560782	0.000000	0.000000	-0.340379	0.000000	0.000000
0.500000	0.333333	19.487213	11.034232	0.000000	0.000000	-0.318477	0.000000	0.000000
0.500000	0.500000	20.392020	11.553834	0.000000	0.000000	-0.315251	0.000000	0.000000
0.500000	0.666666	22.885293	12.990957	0.000000	0.000000	-0.304288	0.000000	0.000000
0.500000	0.833333	22.343573	12.618336	0.000000	0.000000	-0.301002	0.000000	0.000000
0.500000	1.000000	23.248159	13.156609	0.000000	0.000000	-0.250347	0.000000	0.000000
0.503340	0.940861	22.635291	12.846485	0.000000	0.000000	-0.304014	0.000000	0.000000
0.584845	0.832442	16.789194	9.324829	0.000000	0.000000	-0.208361	0.000000	0.000000
0.586871	0.941481	17.095368	9.665140	0.000000	0.000000	-0.199911	0.000000	0.000000
0.587000	1.000000	17.552029	9.958727	0.000000	0.000000	-0.229258	0.000000	0.000000
0.666666	0.000000	8.476998	4.774264	0.000000	0.000000	-0.268144	0.000000	0.000000
0.666666	0.166666	9.160657	5.160384	0.000000	0.000000	-0.192367	0.000000	0.000000
0.666666	0.333333	9.788442	5.515167	0.000000	0.000000	-0.172609	0.000000	0.000000
0.666666	0.500000	10.644785	5.999487	0.000000	0.000000	-0.213415	0.000000	0.000000
0.666666	0.666666	11.473327	6.468520	0.000000	0.000000	-0.242538	0.000000	0.000000
0.666666	0.833333	12.277641	6.924281	0.000000	0.000000	-0.169514	0.000000	0.000000
0.666666	1.000000	13.145118	7.502797	0.000000	0.000000	-0.177702	0.000000	0.000000
0.667200	0.945900	12.710023	7.169166	0.000000	0.000000	-0.139389	0.000000	0.000000
0.744976	0.828141	8.886446	5.005484	0.000000	0.000000	-0.084282	0.000000	0.000000
0.746422	0.943976	9.352024	5.268339	0.000000	0.000000	-0.157291	0.000000	0.000000
0.746959	1.000000	9.597375	5.512588	0.000000	0.000000	-0.188236	0.000000	0.000000
0.833100	0.947000	6.389735	3.596774	0.000000	0.000000	-0.112950	0.000000	0.000000
0.833333	0.000000	2.670712	1.502461	0.000000	0.000000	-0.134393	0.000000	0.000000
0.833333	0.166666	3.551661	1.998247	0.000000	0.000000	-0.107469	0.000000	0.000000
0.833333	0.333333	3.993531	2.246983	0.000000	0.000000	-0.129399	0.000000	0.000000
0.833333	0.500000	4.630363	2.605548	0.000000	0.000000	-0.137589	0.000000	0.000000
0.833333	0.666666	5.250520	2.954831	0.000000	0.000000	-0.120471	0.000000	0.000000
0.833333	0.833333	5.945350	3.346312	0.000000	0.000000	-0.091808	0.000000	0.000000
0.833333	1.000000	6.686515	3.777303	0.000000	0.000000	-0.041463	0.000000	0.000000
0.910700	0.947000	4.568809	2.570886	0.000000	0.000000	-0.092913	0.000000	0.000000
0.911450	0.839933	4.160741	1.992260	0.000000	0.000000	0.120113	0.000000	0.000000
0.913254	1.000000	4.776520	2.795880	0.000000	0.000000	-0.144015	0.000000	0.000000
0.990000	0.947000	3.306161	1.860068	0.000000	0.000000	-0.062176	0.000000	0.000000
1.000000	0.000000	0.242473	0.136391	0.000000	0.000000	-0.001106	0.000000	0.000000
1.000000	0.166666	0.786870	0.442619	0.000000	0.000000	-0.052140	0.000000	0.000000
1.000000	0.333333	1.229689	0.691718	0.000000	0.000000	-0.103638	0.000000	0.000000
1.000000	0.500000	1.682602	0.946510	0.000000	0.000000	-0.155137	0.000000	0.000000
1.000000	0.666666	2.001458	1.125899	0.000000	0.000000	-0.139804	0.000000	0.000000
1.000000	0.833333	2.821284	1.587191	0.000000	0.000000	-0.124470	0.000000	0.000000
1.000000	1.000000	3.321994	2.116388	0.000000	0.000000	-0.149728	0.000000	0.000000
0.081292	0.946312	57.744178	34.406151	0.000000	0.000000	0.229076	0.000000	0.000000
0.079907	0.834940	57.209262	34.056928	0.000000	0.000000	0.180725	0.000000	0.000000
0.081583	1.000000	57.906332	33.647952	0.000000	0.000000	0.297978	0.000000	0.000000
DEFOCUS 0
ASPECTMODE 0
