VIZ_LENS_FILE_V01
ASPECT_169Y
11111111111111111111111111111111111111111111111111111111111111111111111
LENSTYPE 4.500000 13.000000
SCALE 1.000000 1.000000 1.000000 1.000000
reserved
reserved
reserved
reserved
reserved
reserved
reserved
reserved
POINTS 71
0.000000	0.000000	61.058626	36.704009	0.000000	0.000000	-0.074981	0.000000	0.000000
0.000000	0.166666	61.793637	37.207172	0.000000	0.000000	-0.002435	0.000000	0.000000
0.000000	0.333333	63.123434	38.123589	0.000000	0.000000	0.121469	0.000000	0.000000
0.000000	0.500000	63.300622	38.246293	0.000000	0.000000	0.236035	0.000000	0.000000
0.000000	0.666666	64.277797	38.925593	0.000000	0.000000	0.350600	0.000000	0.000000
0.000000	0.833333	65.168119	39.548373	0.000000	0.000000	0.529721	0.000000	0.000000
0.000000	0.944742	63.899197	38.453388	0.000000	0.000000	0.674590	0.000000	0.000000
0.000000	1.000000	65.428691	39.731347	0.000000	0.000000	0.888790	0.000000	0.000000
0.166666	0.000000	46.903565	27.426561	0.000000	0.000000	-0.396403	0.000000	0.000000
0.166666	0.166666	47.846203	28.022553	0.000000	0.000000	-0.357076	0.000000	0.000000
0.166666	0.333333	48.851497	28.661256	0.000000	0.000000	-0.314160	0.000000	0.000000
0.166666	0.500000	50.041115	29.421303	0.000000	0.000000	-0.205881	0.000000	0.000000
0.166666	0.666666	51.180639	30.153776	0.000000	0.000000	-0.176246	0.000000	0.000000
0.166666	0.833333	49.938235	29.355388	0.000000	0.000000	-0.078510	0.000000	0.000000
0.166666	1.000000	51.395390	29.629295	0.000000	0.000000	0.007625	0.000000	0.000000
0.166839	0.946932	50.678235	29.814032	0.000000	0.000000	-0.043568	0.000000	0.000000
0.333333	0.000000	31.775085	18.191739	0.000000	0.000000	-0.482054	0.000000	0.000000
0.333333	0.166666	33.074399	18.963749	0.000000	0.000000	-0.434709	0.000000	0.000000
0.333333	0.333333	34.035604	19.537087	0.000000	0.000000	-0.398020	0.000000	0.000000
0.333333	0.500000	35.324769	20.309129	0.000000	0.000000	-0.359777	0.000000	0.000000
0.333333	0.666666	36.253531	20.867602	0.000000	0.000000	-0.357538	0.000000	0.000000
0.333333	0.833333	35.178941	20.221613	0.000000	0.000000	-0.153344	0.000000	0.000000
0.333333	1.000000	36.336712	17.795918	0.000000	0.000000	-0.301686	0.000000	0.000000
0.337000	0.945900	35.877563	20.633478	0.000000	0.000000	-0.290986	0.000000	0.000000
0.413035	0.941523	29.295677	16.657057	0.000000	0.000000	-0.312553	0.000000	0.000000
0.413521	0.834606	28.373986	16.186235	0.000000	0.000000	-0.122908	0.000000	0.000000
0.414925	1.000000	29.561960	16.825466	0.000000	0.000000	-0.342929	0.000000	0.000000
0.500000	0.000000	17.677597	9.997840	0.000000	0.000000	-0.324930	0.000000	0.000000
0.500000	0.166666	18.661323	10.560782	0.000000	0.000000	-0.340379	0.000000	0.000000
0.500000	0.333333	19.487213	11.034232	0.000000	0.000000	-0.318477	0.000000	0.000000
0.500000	0.500000	20.392020	11.553834	0.000000	0.000000	-0.315251	0.000000	0.000000
0.500000	0.666666	22.885293	12.990957	0.000000	0.000000	-0.304288	0.000000	0.000000
0.500000	0.833333	22.043572	12.504879	0.000000	0.000000	-0.122129	0.000000	0.000000
0.500000	1.000000	22.948160	12.986833	0.000000	0.000000	-0.283626	0.000000	0.000000
0.503340	0.940861	22.635291	12.846485	0.000000	0.000000	-0.304014	0.000000	0.000000
0.584845	0.832442	16.499194	9.324830	0.000000	0.000000	-0.071086	0.000000	0.000000
0.586871	0.941481	17.095368	9.665140	0.000000	0.000000	-0.199911	0.000000	0.000000
0.587000	1.000000	17.152029	9.731774	0.000000	0.000000	-0.229258	0.000000	0.000000
0.666666	0.000000	8.476998	4.774264	0.000000	0.000000	-0.268144	0.000000	0.000000
0.666666	0.166666	9.160657	5.160384	0.000000	0.000000	-0.192367	0.000000	0.000000
0.666666	0.333333	9.788442	5.515167	0.000000	0.000000	-0.172609	0.000000	0.000000
0.666666	0.500000	10.644785	5.999487	0.000000	0.000000	-0.213415	0.000000	0.000000
0.666666	0.666666	11.473327	6.468520	0.000000	0.000000	-0.242538	0.000000	0.000000
0.666666	0.833333	12.277641	6.924281	0.000000	0.000000	-0.115436	0.000000	0.000000
0.666666	1.000000	12.745118	7.274490	0.000000	0.000000	-0.208901	0.000000	0.000000
0.667200	0.945900	12.710023	7.169166	0.000000	0.000000	-0.139389	0.000000	0.000000
0.744976	0.828141	8.886446	5.005484	0.000000	0.000000	-0.084282	0.000000	0.000000
0.746422	0.943976	9.352024	5.268339	0.000000	0.000000	-0.157291	0.000000	0.000000
0.746959	1.000000	9.197375	5.282834	0.000000	0.000000	-0.188236	0.000000	0.000000
0.833100	0.947000	6.389735	3.596774	0.000000	0.000000	-0.112950	0.000000	0.000000
0.833333	0.000000	2.670712	1.502461	0.000000	0.000000	-0.134393	0.000000	0.000000
0.833333	0.166666	3.551661	1.998247	0.000000	0.000000	-0.107469	0.000000	0.000000
0.833333	0.333333	3.993531	2.246983	0.000000	0.000000	-0.129399	0.000000	0.000000
0.833333	0.500000	4.630363	2.605548	0.000000	0.000000	-0.137589	0.000000	0.000000
0.833333	0.666666	5.250520	2.954831	0.000000	0.000000	-0.120471	0.000000	0.000000
0.833333	0.833333	5.945350	3.346312	0.000000	0.000000	-0.091808	0.000000	0.000000
0.833333	1.000000	6.386516	3.662605	0.000000	0.000000	-0.095541	0.000000	0.000000
0.910700	0.947000	4.568809	2.570886	0.000000	0.000000	-0.092913	0.000000	0.000000
0.911450	0.839933	4.140741	2.329860	0.000000	0.000000	-0.021322	0.000000	0.000000
0.913254	1.000000	4.476520	2.620278	0.000000	0.000000	-0.081617	0.000000	0.000000
0.990000	0.947000	3.306161	1.860068	0.000000	0.000000	-0.062176	0.000000	0.000000
1.000000	0.000000	0.242473	0.136391	0.000000	0.000000	-0.001106	0.000000	0.000000
1.000000	0.166666	0.786870	0.442619	0.000000	0.000000	-0.052140	0.000000	0.000000
1.000000	0.333333	1.229689	0.691718	0.000000	0.000000	-0.103638	0.000000	0.000000
1.000000	0.500000	1.682602	0.946510	0.000000	0.000000	-0.155137	0.000000	0.000000
1.000000	0.666666	2.001458	1.125899	0.000000	0.000000	-0.139804	0.000000	0.000000
1.000000	0.833333	2.821284	1.587191	0.000000	0.000000	-0.124470	0.000000	0.000000
1.000000	1.000000	3.021994	1.925263	0.000000	0.000000	0.047865	0.000000	0.000000
0.081292	0.946312	57.744178	34.406151	0.000000	0.000000	0.229076	0.000000	0.000000
0.079907	0.834940	56.509263	33.640212	0.000000	0.000000	0.162006	0.000000	0.000000
0.081583	1.000000	58.806332	34.170921	0.000000	0.000000	0.360376	0.000000	0.000000
DEFOCUS 0
ASPECTMODE 0
