newLensFormat14
fullLensType Canon
disToTarget 311.899994
focusPointes 5
zoomPointes 8
lensWideVal 8.000000
lensFactorVal 16.000000
numberOfPointes 40 4 
0.5036 0.0001 42.8719 -22.1727 -1.4000 0.0000
0.5036 0.4863 15.2716 -22.1727 -2.4000 0.0000
0.5036 0.9999 2.1020 -22.1727 -3.4562 0.0000
0.0016 0.0000 46.8093 -22.1727 -0.8121 0.0000
0.0016 0.5150 16.3564 -18.8301 -2.5000 -0.9000
0.0016 1.0000 3.7501 -18.6230 -7.4000 -0.9558
1.0000 0.0000 39.4039 -24.1786 -0.5000 0.5401
1.0000 0.4798 12.3924 -1.5396 -1.2861 0.5945
1.0000 0.9999 0.4009 -4.4101 -2.0741 0.6480
0.4966 0.1060 36.3346 -21.3847 -1.6303 -0.0308
0.4966 0.2277 28.9653 -21.2042 -1.8621 -0.0348
0.4965 0.3216 23.5517 -21.4579 -2.0516 -0.0284
0.4964 0.6241 10.0228 -21.9350 -3.1000 -0.0197
0.4964 0.7899 5.4519 -21.9244 -3.3152 -0.0206
0.0020 0.1133 39.4973 -21.1920 -1.0376 -0.1743
0.0020 0.2251 32.3845 -20.4010 -1.2890 -0.3797
0.0020 0.3526 24.7017 -19.5941 -1.6806 -0.6331
0.0020 0.6195 12.1831 -17.1038 -2.8000 -0.9654
0.0020 0.8143 6.4078 -2.6575 -4.9001 -0.9794
1.0000 0.0958 33.0822 -20.0832 -1.8000 0.5331
1.0000 0.1957 26.9412 -14.8458 -1.8000 -0.4000
1.0000 0.3437 18.8545 -11.0215 -2.1000 -0.1315
1.0000 0.6141 7.5585 0.7187 -2.3000 0.8318
1.0000 0.8086 2.4742 -1.1260 -2.3850 0.8048
0.2560 0.0000 44.8280 -22.3544 -1.0333 0.0165
0.2561 0.0900 39.4571 -21.8594 -1.2349 -0.0612
0.2561 0.2272 30.5026 -21.7161 -1.5027 -0.8000
0.2561 0.3570 23.0867 -21.9232 -1.8115 -0.8503
0.2562 0.6173 11.2088 -19.8502 -3.3000 -0.6656
0.2562 0.4651 17.3416 -21.7923 -2.3782 -0.7588
0.2562 0.8225 5.4211 -7.2067 -4.9000 -0.5777
0.2562 1.0000 3.0379 -14.7598 -6.3000 -0.5296
0.7480 0.0000 41.2562 -26.9364 -1.1748 0.2401
0.7480 0.1103 34.4678 -23.7414 -1.7394 0.1239
0.7480 0.2281 27.5746 -24.8583 -1.4000 0.0242
0.7479 0.3426 20.6913 -17.3796 -1.5406 0.1216
0.7479 0.4780 13.9941 -13.3542 -2.5000 0.3515
0.7479 0.6322 8.3478 -12.8570 -2.8387 0.5160
0.7478 0.8160 3.8439 -14.7301 -2.6854 0.5029
0.7478 1.0000 1.0353 -16.6236 -2.5359 0.4009
  
