LENS
{
	LENS_TYPE 	canonJ15x8_1
	CCD_EQUIVALENT	0.666667	inches
	CCD_RATIO	0.750000

	ZOOM_CALIBRATION
	{
		FOV_FORMAT
		{
			Linear_Interpulation
			2:
			0.01  0.99
			0.00  0.00
		}
		OFFSET_FORMAT
		{
			Linear_Interpulation
			2:
			0.01  0.99
			0.00  0.00
		}
	}

	FOCUS_CALIBRATION
	{
		FOV_FORMAT
		{
			Bilinear_Interpulation
			101 11:
#zoom points
			0.990   0.980   0.970   0.961   0.951   0.941   0.931   0.921   0.912   0.902   0.892   0.882   0.872   0.863   0.853   0.843   0.833   0.823   0.814   0.804   0.794   0.784   0.774   0.765   0.755   0.745   0.735   0.725   0.716   0.706   0.696   0.686   0.676   0.667   0.657   0.647   0.637   0.627   0.618   0.608   0.598   0.588   0.578   0.569   0.559   0.549   0.539   0.529   0.520   0.510   0.500   0.490   0.480   0.471   0.461   0.451   0.441   0.431   0.422   0.412   0.402   0.392   0.382   0.373   0.363   0.353   0.343   0.333   0.324   0.314   0.304   0.294   0.284   0.275   0.265   0.255   0.245   0.235   0.226   0.216   0.206   0.196   0.186   0.177   0.167   0.157   0.147   0.137   0.128   0.118   0.108   0.098   0.088   0.079   0.069   0.059   0.049   0.039   0.030   0.020   0.010   
#focus points
			1.000   0.900   0.800   0.700   0.600   0.500   0.400   0.300   0.200   0.100   0.000   
#focus values (distance in milimeters)
			5000  5000  5000  5000  5000  5000  5000  5000  5000  5000  5000  5000  
#data points
			0.069   0.064   0.059   0.053   0.046   0.040   0.034   0.026   0.021   0.031   0.034   
			0.071   0.066   0.060   0.054   0.048   0.041   0.035   0.027   0.021   0.031   0.034   
			0.072   0.067   0.061   0.055   0.049   0.043   0.036   0.028   0.022   0.031   0.034   
			0.074   0.069   0.063   0.057   0.050   0.044   0.038   0.029   0.023   0.032   0.034   
			0.076   0.071   0.065   0.059   0.052   0.046   0.039   0.031   0.025   0.032   0.034   
			0.078   0.073   0.067   0.061   0.054   0.048   0.041   0.033   0.026   0.032   0.035   
			0.081   0.075   0.069   0.063   0.056   0.050   0.043   0.035   0.029   0.033   0.035   
			0.083   0.078   0.072   0.066   0.059   0.052   0.046   0.038   0.031   0.034   0.035   
			0.086   0.081   0.074   0.068   0.061   0.055   0.048   0.041   0.034   0.035   0.035   
			0.089   0.084   0.077   0.071   0.064   0.058   0.051   0.044   0.037   0.036   0.035   
			0.092   0.087   0.080   0.074   0.067   0.060   0.054   0.047   0.039   0.037   0.036   
			0.096   0.090   0.084   0.077   0.070   0.063   0.057   0.050   0.043   0.039   0.037   
			0.099   0.094   0.087   0.080   0.073   0.066   0.060   0.053   0.046   0.041   0.038   
			0.103   0.097   0.090   0.084   0.076   0.070   0.063   0.056   0.049   0.043   0.040   
			0.107   0.101   0.094   0.087   0.080   0.073   0.066   0.059   0.052   0.046   0.042   
			0.111   0.105   0.098   0.091   0.084   0.077   0.070   0.063   0.055   0.049   0.044   
			0.115   0.109   0.102   0.095   0.088   0.080   0.073   0.066   0.059   0.052   0.047   
			0.119   0.113   0.106   0.099   0.092   0.084   0.077   0.070   0.063   0.055   0.050   
			0.123   0.117   0.110   0.103   0.096   0.088   0.081   0.073   0.066   0.059   0.054   
			0.128   0.122   0.114   0.107   0.100   0.092   0.085   0.077   0.070   0.063   0.057   
			0.132   0.126   0.119   0.112   0.104   0.097   0.089   0.082   0.074   0.067   0.061   
			0.137   0.131   0.124   0.116   0.109   0.101   0.094   0.086   0.078   0.071   0.065   
			0.142   0.136   0.128   0.121   0.113   0.106   0.098   0.090   0.083   0.075   0.069   
			0.148   0.141   0.133   0.126   0.118   0.111   0.103   0.095   0.087   0.080   0.074   
			0.153   0.146   0.139   0.131   0.123   0.115   0.108   0.100   0.092   0.084   0.079   
			0.158   0.152   0.144   0.136   0.128   0.120   0.113   0.105   0.097   0.089   0.083   
			0.164   0.157   0.150   0.142   0.134   0.126   0.118   0.110   0.102   0.094   0.088   
			0.170   0.163   0.155   0.147   0.139   0.131   0.123   0.115   0.107   0.099   0.093   
			0.176   0.169   0.161   0.153   0.145   0.137   0.129   0.121   0.113   0.105   0.098   
			0.182   0.175   0.167   0.159   0.151   0.143   0.135   0.126   0.118   0.110   0.104   
			0.189   0.182   0.173   0.165   0.157   0.148   0.140   0.132   0.124   0.116   0.109   
			0.195   0.188   0.180   0.172   0.163   0.155   0.147   0.138   0.130   0.122   0.115   
			0.202   0.195   0.186   0.178   0.169   0.161   0.152   0.144   0.136   0.127   0.121   
			0.209   0.201   0.193   0.185   0.176   0.168   0.159   0.151   0.142   0.134   0.127   
			0.216   0.209   0.200   0.192   0.183   0.174   0.166   0.157   0.149   0.140   0.133   
			0.223   0.215   0.207   0.198   0.190   0.181   0.172   0.163   0.155   0.146   0.139   
			0.231   0.223   0.214   0.206   0.197   0.188   0.179   0.170   0.162   0.153   0.146   
			0.238   0.230   0.221   0.213   0.204   0.195   0.186   0.177   0.168   0.159   0.152   
			0.246   0.238   0.229   0.220   0.211   0.202   0.193   0.184   0.175   0.166   0.159   
			0.254   0.246   0.237   0.228   0.219   0.210   0.201   0.191   0.183   0.173   0.166   
			0.262   0.254   0.245   0.236   0.226   0.217   0.208   0.199   0.190   0.181   0.174   
			0.270   0.262   0.253   0.244   0.235   0.225   0.216   0.207   0.197   0.188   0.181   
			0.279   0.271   0.261   0.252   0.242   0.233   0.224   0.214   0.205   0.196   0.188   
			0.288   0.280   0.270   0.261   0.251   0.241   0.232   0.222   0.213   0.204   0.196   
			0.297   0.288   0.279   0.269   0.259   0.250   0.240   0.231   0.221   0.212   0.204   
			0.306   0.298   0.288   0.278   0.268   0.258   0.249   0.239   0.229   0.220   0.212   
			0.316   0.307   0.297   0.287   0.277   0.267   0.257   0.247   0.238   0.228   0.220   
			0.325   0.316   0.306   0.296   0.286   0.276   0.266   0.256   0.246   0.236   0.229   
			0.335   0.326   0.316   0.306   0.295   0.285   0.275   0.265   0.255   0.245   0.237   
			0.345   0.336   0.325   0.315   0.305   0.294   0.284   0.274   0.263   0.253   0.246   
			0.356   0.346   0.336   0.326   0.315   0.304   0.294   0.283   0.273   0.263   0.255   
			0.366   0.357   0.346   0.336   0.325   0.314   0.303   0.292   0.282   0.272   0.264   
			0.377   0.368   0.357   0.346   0.335   0.324   0.313   0.302   0.291   0.281   0.273   
			0.388   0.379   0.368   0.357   0.345   0.334   0.323   0.312   0.301   0.290   0.282   
			0.399   0.389   0.378   0.367   0.356   0.344   0.333   0.322   0.311   0.300   0.292   
			0.411   0.401   0.390   0.379   0.367   0.355   0.344   0.332   0.321   0.310   0.302   
			0.423   0.413   0.401   0.390   0.378   0.367   0.355   0.344   0.332   0.321   0.312   
			0.434   0.424   0.412   0.401   0.389   0.377   0.366   0.354   0.343   0.331   0.322   
			0.446   0.436   0.424   0.413   0.401   0.389   0.378   0.366   0.354   0.342   0.333   
			0.457   0.447   0.436   0.424   0.412   0.400   0.388   0.376   0.365   0.352   0.343   
			0.470   0.459   0.447   0.436   0.424   0.412   0.400   0.388   0.376   0.364   0.355   
			0.482   0.471   0.459   0.448   0.435   0.423   0.411   0.399   0.387   0.375   0.366   
			0.494   0.483   0.471   0.460   0.447   0.435   0.423   0.411   0.398   0.386   0.377   
			0.506   0.496   0.484   0.472   0.459   0.447   0.435   0.423   0.410   0.398   0.388   
			0.519   0.508   0.496   0.484   0.471   0.459   0.446   0.434   0.421   0.409   0.400   
			0.531   0.521   0.509   0.497   0.484   0.471   0.458   0.446   0.434   0.421   0.411   
			0.544   0.533   0.521   0.509   0.496   0.483   0.470   0.457   0.445   0.432   0.423   
			0.557   0.546   0.534   0.521   0.508   0.495   0.482   0.470   0.457   0.444   0.434   
			0.570   0.559   0.547   0.534   0.521   0.508   0.495   0.482   0.469   0.457   0.447   
			0.583   0.572   0.559   0.547   0.534   0.521   0.507   0.494   0.482   0.469   0.458   
			0.595   0.584   0.572   0.559   0.546   0.533   0.520   0.507   0.494   0.481   0.471   
			0.608   0.597   0.584   0.572   0.559   0.546   0.533   0.519   0.506   0.493   0.483   
			0.620   0.609   0.597   0.585   0.571   0.558   0.545   0.532   0.519   0.505   0.495   
			0.633   0.622   0.609   0.597   0.584   0.571   0.558   0.545   0.531   0.518   0.508   
			0.645   0.634   0.622   0.609   0.596   0.583   0.570   0.557   0.544   0.530   0.520   
			0.657   0.647   0.634   0.622   0.609   0.596   0.583   0.570   0.556   0.543   0.533   
			0.669   0.659   0.647   0.634   0.621   0.608   0.595   0.582   0.569   0.555   0.545   
			0.682   0.671   0.659   0.647   0.633   0.621   0.608   0.595   0.581   0.568   0.557   
			0.694   0.684   0.672   0.659   0.646   0.633   0.620   0.607   0.594   0.580   0.570   
			0.706   0.696   0.684   0.671   0.658   0.645   0.632   0.619   0.606   0.592   0.582   
			0.719   0.708   0.696   0.684   0.670   0.658   0.645   0.632   0.619   0.605   0.594   
			0.730   0.720   0.708   0.695   0.683   0.670   0.657   0.644   0.631   0.617   0.607   
			0.742   0.732   0.720   0.708   0.695   0.682   0.669   0.656   0.643   0.630   0.619   
			0.754   0.744   0.732   0.719   0.707   0.694   0.681   0.668   0.655   0.642   0.631   
			0.766   0.755   0.743   0.731   0.719   0.707   0.694   0.680   0.667   0.654   0.643   
			0.777   0.767   0.755   0.743   0.731   0.719   0.706   0.693   0.680   0.666   0.656   
			0.788   0.778   0.766   0.754   0.742   0.730   0.717   0.704   0.691   0.678   0.667   
			0.799   0.789   0.777   0.766   0.754   0.741   0.729   0.716   0.703   0.690   0.679   
			0.811   0.800   0.788   0.777   0.765   0.752   0.740   0.727   0.714   0.701   0.691   
			0.822   0.811   0.799   0.788   0.776   0.763   0.751   0.738   0.725   0.712   0.702   
			0.834   0.823   0.810   0.799   0.787   0.775   0.762   0.750   0.737   0.724   0.714   
			0.845   0.834   0.822   0.809   0.797   0.785   0.772   0.760   0.748   0.735   0.725   
			0.858   0.846   0.833   0.821   0.808   0.795   0.783   0.771   0.759   0.746   0.736   
			0.870   0.858   0.845   0.832   0.819   0.806   0.794   0.782   0.769   0.757   0.747   
			0.882   0.870   0.857   0.844   0.831   0.817   0.805   0.793   0.780   0.768   0.758   
			0.895   0.882   0.869   0.856   0.843   0.829   0.816   0.803   0.791   0.779   0.769   
			0.908   0.895   0.881   0.868   0.855   0.841   0.827   0.814   0.802   0.790   0.780   
			0.920   0.907   0.894   0.881   0.868   0.853   0.839   0.825   0.813   0.800   0.790   
			0.932   0.919   0.905   0.892   0.880   0.865   0.851   0.836   0.823   0.810   0.801   
			0.943   0.930   0.917   0.904   0.891   0.876   0.862   0.847   0.833   0.820   0.811   
			0.952   0.940   0.927   0.914   0.901   0.886   0.871   0.856   0.842   0.829   0.819   
		}

		OFFSET_FORMAT
		{
			Bilinear_Interpulation
			101 11:
#zoom points
			0.990   0.980   0.970   0.961   0.951   0.941   0.931   0.921   0.912   0.902   0.892   0.882   0.872   0.863   0.853   0.843   0.833   0.823   0.814   0.804   0.794   0.784   0.774   0.765   0.755   0.745   0.735   0.725   0.716   0.706   0.696   0.686   0.676   0.667   0.657   0.647   0.637   0.627   0.618   0.608   0.598   0.588   0.578   0.569   0.559   0.549   0.539   0.529   0.520   0.510   0.500   0.490   0.480   0.471   0.461   0.451   0.441   0.431   0.422   0.412   0.402   0.392   0.382   0.373   0.363   0.353   0.343   0.333   0.324   0.314   0.304   0.294   0.284   0.275   0.265   0.255   0.245   0.235   0.226   0.216   0.206   0.196   0.186   0.177   0.167   0.157   0.147   0.137   0.128   0.118   0.108   0.098   0.088   0.079   0.069   0.059   0.049   0.039   0.030   0.020   0.010   
#focus points
			1.000   0.900   0.800   0.700   0.600   0.500   0.400   0.300   0.200   0.100   0.000   
			5000  5000  5000  5000  5000  5000  5000  5000  5000  5000  5000  5000  
#data points
			-0.271   -0.306   -0.354   -0.424   -0.517   -0.643   -0.850   -1.469   -2.691   -1.412   -0.903   
			-0.265   -0.299   -0.346   -0.413   -0.503   -0.623   -0.825   -1.425   -2.616   -1.390   -0.903   
			-0.259   -0.292   -0.337   -0.402   -0.489   -0.604   -0.796   -1.359   -2.499   -1.358   -0.903   
			-0.251   -0.284   -0.328   -0.390   -0.474   -0.583   -0.765   -1.284   -2.347   -1.314   -0.903   
			-0.242   -0.274   -0.317   -0.375   -0.456   -0.558   -0.724   -1.188   -2.147   -1.256   -0.903   
			-0.232   -0.264   -0.305   -0.361   -0.438   -0.534   -0.683   -1.086   -1.922   -1.189   -0.903   
			-0.222   -0.253   -0.293   -0.346   -0.419   -0.507   -0.639   -0.978   -1.682   -1.117   -0.902   
			-0.211   -0.241   -0.280   -0.330   -0.399   -0.481   -0.592   -0.856   -1.428   -1.041   -0.899   
			-0.199   -0.230   -0.267   -0.314   -0.380   -0.455   -0.551   -0.759   -1.212   -0.972   -0.895   
			-0.188   -0.217   -0.254   -0.299   -0.360   -0.430   -0.511   -0.666   -1.015   -0.905   -0.888   
			-0.178   -0.206   -0.241   -0.283   -0.342   -0.406   -0.476   -0.594   -0.860   -0.847   -0.875   
			-0.167   -0.194   -0.228   -0.268   -0.322   -0.383   -0.444   -0.529   -0.728   -0.791   -0.857   
			-0.157   -0.183   -0.215   -0.252   -0.303   -0.360   -0.417   -0.482   -0.631   -0.740   -0.832   
			-0.147   -0.171   -0.202   -0.238   -0.285   -0.338   -0.393   -0.446   -0.557   -0.691   -0.800   
			-0.138   -0.161   -0.190   -0.223   -0.267   -0.317   -0.370   -0.415   -0.503   -0.646   -0.761   
			-0.128   -0.150   -0.178   -0.209   -0.249   -0.297   -0.348   -0.392   -0.463   -0.603   -0.718   
			-0.120   -0.140   -0.166   -0.195   -0.233   -0.277   -0.327   -0.371   -0.431   -0.562   -0.672   
			-0.111   -0.130   -0.155   -0.182   -0.217   -0.258   -0.306   -0.351   -0.404   -0.523   -0.624   
			-0.103   -0.121   -0.145   -0.170   -0.202   -0.240   -0.286   -0.332   -0.382   -0.488   -0.579   
			-0.095   -0.112   -0.134   -0.158   -0.188   -0.223   -0.265   -0.312   -0.361   -0.454   -0.535   
			-0.087   -0.104   -0.125   -0.147   -0.174   -0.207   -0.246   -0.292   -0.341   -0.422   -0.494   
			-0.079   -0.095   -0.115   -0.136   -0.161   -0.191   -0.227   -0.271   -0.319   -0.390   -0.454   
			-0.072   -0.087   -0.106   -0.125   -0.149   -0.177   -0.210   -0.251   -0.298   -0.362   -0.418   
			-0.064   -0.078   -0.096   -0.115   -0.137   -0.163   -0.193   -0.230   -0.274   -0.332   -0.383   
			-0.057   -0.070   -0.087   -0.105   -0.126   -0.150   -0.178   -0.212   -0.253   -0.304   -0.350   
			-0.050   -0.063   -0.079   -0.096   -0.116   -0.138   -0.164   -0.195   -0.232   -0.278   -0.319   
			-0.044   -0.055   -0.070   -0.087   -0.105   -0.127   -0.151   -0.179   -0.213   -0.254   -0.291   
			-0.038   -0.048   -0.062   -0.078   -0.096   -0.116   -0.138   -0.164   -0.195   -0.232   -0.265   
			-0.032   -0.041   -0.055   -0.070   -0.086   -0.105   -0.126   -0.150   -0.179   -0.212   -0.241   
			-0.026   -0.035   -0.047   -0.061   -0.077   -0.095   -0.114   -0.137   -0.163   -0.193   -0.219   
			-0.021   -0.029   -0.041   -0.054   -0.069   -0.085   -0.104   -0.125   -0.149   -0.177   -0.200   
			-0.015   -0.023   -0.035   -0.047   -0.060   -0.076   -0.093   -0.113   -0.135   -0.160   -0.182   
			-0.010   -0.018   -0.029   -0.041   -0.053   -0.067   -0.084   -0.103   -0.123   -0.146   -0.167   
			-0.005   -0.013   -0.023   -0.034   -0.046   -0.059   -0.074   -0.091   -0.111   -0.132   -0.151   
			 0.000   -0.008   -0.017   -0.028   -0.039   -0.051   -0.065   -0.082   -0.099   -0.119   -0.137   
			 0.005   -0.003   -0.012   -0.022   -0.033   -0.044   -0.057   -0.073   -0.089   -0.108   -0.124   
			 0.009    0.002   -0.007   -0.016   -0.027   -0.038   -0.050   -0.064   -0.079   -0.096   -0.111   
			 0.013    0.007   -0.002   -0.011   -0.021   -0.031   -0.043   -0.056   -0.070   -0.086   -0.100   
			 0.018    0.012    0.003   -0.005   -0.015   -0.025   -0.035   -0.048   -0.061   -0.076   -0.089   
			 0.022    0.016    0.008    0.000   -0.009   -0.018   -0.029   -0.041   -0.053   -0.067   -0.079   
			 0.026    0.020    0.013    0.005   -0.003   -0.012   -0.022   -0.034   -0.045   -0.058   -0.069   
			 0.030    0.024    0.017    0.010    0.002   -0.006   -0.016   -0.027   -0.038   -0.050   -0.060   
			 0.034    0.029    0.022    0.015    0.007   -0.001   -0.010   -0.020   -0.031   -0.042   -0.052   
			 0.038    0.033    0.026    0.019    0.012    0.004   -0.004   -0.014   -0.024   -0.035   -0.044   
			 0.043    0.038    0.031    0.024    0.017    0.009    0.001   -0.008   -0.018   -0.028   -0.036   
			 0.048    0.043    0.036    0.029    0.022    0.014    0.006   -0.003   -0.012   -0.021   -0.029   
			 0.054    0.048    0.041    0.034    0.026    0.019    0.011    0.002   -0.006   -0.015   -0.022   
			 0.060    0.053    0.046    0.039    0.031    0.023    0.016    0.007   -0.001   -0.009   -0.016   
			 0.066    0.059    0.051    0.044    0.037    0.028    0.020    0.012    0.004   -0.003   -0.009   
			 0.072    0.065    0.057    0.050    0.042    0.034    0.025    0.017    0.009    0.002   -0.004   
			 0.080    0.072    0.064    0.056    0.048    0.039    0.031    0.022    0.014    0.008    0.002   
			 0.087    0.079    0.071    0.063    0.054    0.045    0.036    0.028    0.019    0.013    0.007   
			 0.094    0.086    0.078    0.069    0.060    0.051    0.043    0.034    0.025    0.018    0.012   
			 0.100    0.093    0.085    0.076    0.067    0.058    0.049    0.040    0.030    0.023    0.018   
			 0.107    0.100    0.092    0.084    0.074    0.065    0.056    0.046    0.037    0.029    0.023   
			 0.113    0.106    0.099    0.091    0.082    0.072    0.063    0.054    0.043    0.035    0.029   
			 0.119    0.113    0.106    0.098    0.090    0.080    0.071    0.061    0.051    0.042    0.035   
			 0.124    0.118    0.111    0.105    0.096    0.087    0.078    0.069    0.058    0.048    0.042   
			 0.129    0.124    0.117    0.111    0.104    0.094    0.086    0.077    0.066    0.056    0.049   
			 0.134    0.129    0.123    0.117    0.110    0.101    0.093    0.084    0.074    0.063    0.056   
			 0.140    0.134    0.128    0.122    0.116    0.107    0.100    0.092    0.081    0.071    0.064   
			 0.145    0.139    0.133    0.127    0.121    0.113    0.106    0.098    0.089    0.079    0.072   
			 0.150    0.145    0.138    0.133    0.126    0.119    0.112    0.104    0.095    0.086    0.080   
			 0.156    0.150    0.144    0.138    0.132    0.125    0.118    0.110    0.102    0.093    0.087   
			 0.161    0.155    0.149    0.143    0.137    0.130    0.123    0.115    0.107    0.100    0.094   
			 0.165    0.160    0.155    0.149    0.142    0.135    0.128    0.121    0.113    0.106    0.100   
			 0.170    0.165    0.159    0.154    0.147    0.140    0.133    0.126    0.119    0.112    0.106   
			 0.174    0.169    0.164    0.159    0.152    0.146    0.139    0.131    0.124    0.117    0.112   
			 0.177    0.173    0.169    0.163    0.157    0.151    0.144    0.137    0.130    0.123    0.117   
			 0.180    0.177    0.172    0.168    0.162    0.156    0.149    0.142    0.135    0.129    0.123   
			 0.183    0.180    0.176    0.172    0.167    0.161    0.155    0.148    0.141    0.134    0.129   
			 0.185    0.182    0.179    0.175    0.171    0.165    0.159    0.153    0.146    0.140    0.134   
			 0.186    0.184    0.181    0.178    0.174    0.169    0.164    0.158    0.152    0.145    0.140   
			 0.187    0.186    0.183    0.181    0.177    0.173    0.168    0.163    0.157    0.150    0.145   
			 0.188    0.187    0.185    0.183    0.180    0.176    0.172    0.167    0.161    0.155    0.151   
			 0.188    0.188    0.186    0.184    0.182    0.179    0.175    0.171    0.166    0.160    0.156   
			 0.189    0.188    0.187    0.185    0.183    0.181    0.178    0.174    0.169    0.164    0.160   
			 0.188    0.188    0.187    0.186    0.184    0.182    0.180    0.177    0.173    0.168    0.164   
			 0.188    0.188    0.187    0.186    0.185    0.184    0.182    0.179    0.176    0.171    0.168   
			 0.186    0.188    0.187    0.187    0.186    0.185    0.183    0.181    0.178    0.174    0.171   
			 0.184    0.186    0.186    0.186    0.186    0.185    0.184    0.183    0.180    0.177    0.174   
			 0.182    0.184    0.185    0.186    0.186    0.186    0.185    0.184    0.181    0.179    0.176   
			 0.179    0.182    0.183    0.184    0.186    0.186    0.185    0.184    0.182    0.181    0.178   
			 0.176    0.179    0.180    0.183    0.185    0.186    0.185    0.185    0.183    0.182    0.180   
			 0.172    0.175    0.178    0.181    0.183    0.185    0.185    0.184    0.183    0.183    0.181   
			 0.168    0.171    0.174    0.178    0.181    0.183    0.184    0.184    0.183    0.183    0.181   
			 0.165    0.167    0.171    0.175    0.179    0.182    0.183    0.183    0.183    0.183    0.182   
			 0.162    0.163    0.167    0.172    0.176    0.179    0.181    0.182    0.182    0.183    0.182   
			 0.159    0.160    0.163    0.168    0.173    0.176    0.178    0.180    0.181    0.182    0.182   
			 0.158    0.157    0.159    0.164    0.169    0.172    0.175    0.178    0.179    0.180    0.181   
			 0.157    0.155    0.156    0.161    0.165    0.168    0.171    0.175    0.177    0.179    0.180   
			 0.157    0.154    0.154    0.158    0.161    0.164    0.167    0.172    0.174    0.176    0.178   
			 0.157    0.154    0.153    0.155    0.158    0.159    0.163    0.168    0.171    0.174    0.176   
			 0.157    0.154    0.152    0.153    0.155    0.155    0.158    0.164    0.168    0.171    0.173   
			 0.158    0.154    0.152    0.152    0.153    0.151    0.153    0.159    0.164    0.168    0.170   
			 0.158    0.154    0.152    0.151    0.151    0.148    0.149    0.155    0.160    0.164    0.167   
			 0.158    0.153    0.152    0.151    0.151    0.146    0.146    0.150    0.155    0.159    0.162   
			 0.157    0.153    0.151    0.151    0.150    0.145    0.143    0.147    0.150    0.154    0.158   
			 0.156    0.152    0.151    0.151    0.150    0.144    0.141    0.143    0.146    0.149    0.153   
			 0.156    0.152    0.151    0.151    0.151    0.144    0.140    0.141    0.143    0.144    0.147   
			 0.155    0.151    0.150    0.150    0.151    0.143    0.139    0.140    0.140    0.140    0.143   
		}
	}
}
