LENS
{
	LENS_TYPE 	final_new_canon
	CCD_EQUIVALENT	0.666667	inches
	CCD_RATIO	0.750000

	ZOOM_CALIBRATION
	{
		FOV_FORMAT
		{
			Linear_Interpulation
			2:
			0.01  0.99
			0.00  0.00
		}
		OFFSET_FORMAT
		{
			Linear_Interpulation
			2:
			0.01  0.99
			0.00  0.00
		}
	}

	FOCUS_CALIBRATION
	{
		FOV_FORMAT
		{
			Bilinear_Interpulation
			101 11:
#zoom points
			0.990   0.980   0.970   0.961   0.951   0.941   0.931   0.921   0.912   0.902   0.892   0.882   0.872   0.863   0.853   0.843   0.833   0.823   0.814   0.804   0.794   0.784   0.774   0.765   0.755   0.745   0.735   0.725   0.716   0.706   0.696   0.686   0.676   0.667   0.657   0.647   0.637   0.627   0.618   0.608   0.598   0.588   0.578   0.569   0.559   0.549   0.539   0.529   0.520   0.510   0.500   0.490   0.480   0.471   0.461   0.451   0.441   0.431   0.422   0.412   0.402   0.392   0.382   0.373   0.363   0.353   0.343   0.333   0.324   0.314   0.304   0.294   0.284   0.275   0.265   0.255   0.245   0.235   0.226   0.216   0.206   0.196   0.186   0.177   0.167   0.157   0.147   0.137   0.128   0.118   0.108   0.098   0.088   0.079   0.069   0.059   0.049   0.039   0.030   0.020   0.010   
#focus points
			1.000   0.900   0.800   0.700   0.600   0.500   0.400   0.300   0.200   0.100   0.000   
#focus values (distance in milimeters)
			5000  5000  5000  5000  5000  5000  5000  5000  5000  5000  5000  5000  
#data points
			0.052   0.049   0.044   0.040   0.036   0.032   0.027   0.023   0.019   0.015   0.012   
			0.053   0.049   0.045   0.041   0.036   0.032   0.028   0.023   0.019   0.015   0.012   
			0.053   0.050   0.045   0.041   0.037   0.033   0.028   0.024   0.020   0.016   0.013   
			0.054   0.051   0.046   0.042   0.038   0.033   0.029   0.025   0.020   0.017   0.013   
			0.055   0.052   0.047   0.043   0.039   0.034   0.030   0.025   0.021   0.017   0.014   
			0.056   0.053   0.048   0.044   0.040   0.035   0.031   0.026   0.022   0.018   0.015   
			0.057   0.054   0.050   0.045   0.041   0.037   0.032   0.027   0.023   0.019   0.016   
			0.059   0.055   0.051   0.047   0.042   0.038   0.033   0.029   0.024   0.020   0.017   
			0.061   0.057   0.053   0.048   0.044   0.039   0.035   0.030   0.026   0.021   0.018   
			0.063   0.059   0.054   0.050   0.046   0.041   0.036   0.032   0.027   0.023   0.019   
			0.065   0.061   0.056   0.052   0.047   0.043   0.038   0.033   0.029   0.024   0.021   
			0.067   0.063   0.058   0.054   0.049   0.045   0.040   0.035   0.030   0.026   0.022   
			0.069   0.065   0.060   0.056   0.051   0.047   0.042   0.037   0.032   0.028   0.024   
			0.072   0.068   0.063   0.058   0.053   0.049   0.044   0.039   0.034   0.029   0.026   
			0.074   0.070   0.066   0.061   0.056   0.051   0.046   0.042   0.037   0.032   0.028   
			0.077   0.073   0.068   0.063   0.058   0.053   0.049   0.044   0.039   0.034   0.030   
			0.080   0.076   0.071   0.066   0.061   0.056   0.051   0.046   0.041   0.036   0.032   
			0.083   0.079   0.074   0.069   0.064   0.059   0.054   0.049   0.044   0.039   0.035   
			0.086   0.082   0.077   0.072   0.067   0.062   0.056   0.052   0.046   0.041   0.037   
			0.089   0.085   0.080   0.075   0.070   0.065   0.060   0.054   0.049   0.044   0.040   
			0.093   0.088   0.083   0.078   0.073   0.068   0.063   0.058   0.052   0.047   0.043   
			0.096   0.092   0.087   0.082   0.077   0.072   0.066   0.061   0.055   0.050   0.046   
			0.100   0.096   0.091   0.085   0.080   0.075   0.069   0.064   0.059   0.053   0.049   
			0.104   0.100   0.095   0.089   0.084   0.078   0.073   0.068   0.062   0.057   0.052   
			0.108   0.104   0.099   0.093   0.088   0.082   0.077   0.071   0.066   0.060   0.056   
			0.113   0.108   0.103   0.097   0.092   0.086   0.081   0.075   0.070   0.064   0.060   
			0.117   0.113   0.107   0.102   0.096   0.090   0.085   0.079   0.074   0.068   0.063   
			0.122   0.117   0.112   0.106   0.100   0.095   0.089   0.083   0.078   0.072   0.067   
			0.127   0.122   0.117   0.111   0.105   0.099   0.093   0.088   0.082   0.076   0.072   
			0.132   0.127   0.121   0.116   0.110   0.104   0.098   0.092   0.086   0.081   0.076   
			0.137   0.132   0.126   0.121   0.115   0.109   0.103   0.097   0.091   0.085   0.080   
			0.143   0.138   0.132   0.126   0.120   0.114   0.108   0.102   0.096   0.090   0.085   
			0.148   0.143   0.137   0.131   0.125   0.119   0.113   0.107   0.101   0.095   0.090   
			0.154   0.149   0.143   0.137   0.131   0.124   0.118   0.112   0.106   0.100   0.095   
			0.160   0.155   0.149   0.143   0.137   0.130   0.124   0.118   0.111   0.105   0.100   
			0.166   0.161   0.155   0.149   0.142   0.136   0.129   0.123   0.117   0.111   0.105   
			0.172   0.167   0.161   0.155   0.149   0.142   0.135   0.129   0.123   0.116   0.111   
			0.179   0.174   0.167   0.161   0.155   0.148   0.142   0.135   0.129   0.122   0.117   
			0.185   0.180   0.174   0.168   0.161   0.155   0.148   0.141   0.135   0.128   0.122   
			0.192   0.187   0.181   0.174   0.168   0.161   0.154   0.148   0.141   0.135   0.129   
			0.199   0.194   0.187   0.181   0.174   0.168   0.161   0.154   0.148   0.141   0.135   
			0.206   0.201   0.194   0.188   0.181   0.174   0.167   0.161   0.154   0.148   0.142   
			0.214   0.209   0.202   0.195   0.188   0.181   0.175   0.168   0.161   0.155   0.149   
			0.222   0.216   0.209   0.203   0.196   0.188   0.181   0.175   0.168   0.162   0.156   
			0.229   0.224   0.217   0.210   0.203   0.196   0.189   0.182   0.175   0.169   0.162   
			0.238   0.232   0.225   0.218   0.211   0.204   0.196   0.189   0.183   0.176   0.170   
			0.246   0.240   0.233   0.226   0.218   0.211   0.204   0.197   0.190   0.183   0.177   
			0.254   0.248   0.241   0.234   0.227   0.219   0.212   0.205   0.198   0.191   0.185   
			0.263   0.257   0.250   0.243   0.235   0.227   0.220   0.212   0.205   0.199   0.193   
			0.272   0.265   0.258   0.251   0.243   0.236   0.228   0.221   0.213   0.207   0.201   
			0.280   0.274   0.267   0.260   0.252   0.244   0.236   0.229   0.222   0.215   0.209   
			0.290   0.284   0.276   0.269   0.261   0.253   0.245   0.238   0.230   0.223   0.217   
			0.299   0.293   0.285   0.278   0.270   0.262   0.254   0.246   0.239   0.232   0.226   
			0.309   0.303   0.295   0.287   0.279   0.271   0.263   0.255   0.248   0.241   0.234   
			0.319   0.313   0.305   0.297   0.289   0.281   0.272   0.265   0.257   0.250   0.243   
			0.329   0.323   0.315   0.307   0.298   0.290   0.281   0.274   0.267   0.259   0.252   
			0.340   0.333   0.325   0.317   0.308   0.300   0.291   0.284   0.276   0.268   0.261   
			0.350   0.344   0.336   0.327   0.318   0.310   0.301   0.293   0.286   0.278   0.270   
			0.360   0.354   0.346   0.338   0.329   0.320   0.311   0.303   0.296   0.287   0.280   
			0.371   0.365   0.357   0.348   0.339   0.331   0.322   0.314   0.306   0.298   0.290   
			0.382   0.376   0.368   0.359   0.350   0.341   0.332   0.324   0.317   0.308   0.300   
			0.393   0.386   0.378   0.369   0.360   0.352   0.343   0.334   0.326   0.318   0.310   
			0.404   0.398   0.389   0.380   0.371   0.362   0.354   0.345   0.337   0.329   0.321   
			0.415   0.409   0.400   0.391   0.382   0.373   0.364   0.356   0.348   0.339   0.332   
			0.426   0.420   0.411   0.402   0.393   0.384   0.375   0.367   0.359   0.350   0.342   
			0.437   0.431   0.422   0.414   0.405   0.396   0.386   0.378   0.370   0.361   0.353   
			0.448   0.442   0.433   0.424   0.415   0.406   0.397   0.388   0.381   0.372   0.364   
			0.460   0.453   0.444   0.436   0.427   0.418   0.408   0.399   0.391   0.382   0.375   
			0.472   0.465   0.456   0.447   0.439   0.430   0.420   0.411   0.403   0.394   0.386   
			0.484   0.476   0.467   0.459   0.450   0.441   0.431   0.422   0.413   0.405   0.397   
			0.495   0.487   0.478   0.470   0.462   0.452   0.442   0.433   0.424   0.416   0.408   
			0.507   0.499   0.490   0.481   0.474   0.464   0.453   0.443   0.436   0.427   0.419   
			0.519   0.511   0.501   0.492   0.485   0.476   0.464   0.455   0.447   0.438   0.431   
			0.531   0.523   0.513   0.504   0.497   0.487   0.476   0.466   0.458   0.450   0.442   
			0.542   0.534   0.524   0.515   0.507   0.498   0.487   0.477   0.469   0.461   0.453   
			0.553   0.545   0.536   0.527   0.519   0.510   0.499   0.488   0.480   0.472   0.464   
			0.565   0.557   0.547   0.538   0.530   0.521   0.510   0.500   0.492   0.483   0.474   
			0.577   0.568   0.559   0.550   0.542   0.532   0.521   0.511   0.503   0.494   0.485   
			0.589   0.580   0.571   0.562   0.553   0.544   0.533   0.523   0.515   0.505   0.496   
			0.601   0.592   0.582   0.573   0.565   0.555   0.544   0.535   0.526   0.516   0.508   
			0.614   0.604   0.594   0.585   0.577   0.566   0.556   0.547   0.537   0.528   0.519   
			0.627   0.617   0.606   0.597   0.589   0.578   0.567   0.558   0.548   0.539   0.530   
			0.640   0.629   0.618   0.609   0.602   0.590   0.580   0.570   0.560   0.550   0.543   
			0.652   0.642   0.630   0.620   0.613   0.602   0.591   0.581   0.571   0.561   0.554   
			0.664   0.654   0.642   0.632   0.625   0.614   0.603   0.592   0.582   0.573   0.566   
			0.676   0.667   0.654   0.644   0.638   0.627   0.614   0.603   0.594   0.585   0.577   
			0.688   0.679   0.666   0.656   0.649   0.639   0.626   0.615   0.605   0.596   0.588   
			0.700   0.691   0.678   0.667   0.661   0.651   0.637   0.626   0.617   0.608   0.599   
			0.712   0.704   0.690   0.680   0.673   0.663   0.649   0.638   0.629   0.620   0.611   
			0.723   0.715   0.702   0.692   0.685   0.675   0.661   0.650   0.641   0.632   0.622   
			0.735   0.727   0.714   0.703   0.696   0.686   0.672   0.662   0.653   0.644   0.634   
			0.746   0.738   0.725   0.715   0.708   0.698   0.684   0.674   0.665   0.655   0.646   
			0.756   0.748   0.737   0.727   0.719   0.709   0.695   0.685   0.676   0.666   0.657   
			0.767   0.759   0.748   0.737   0.729   0.721   0.707   0.696   0.687   0.677   0.669   
			0.778   0.770   0.758   0.748   0.740   0.732   0.717   0.707   0.698   0.688   0.680   
			0.787   0.781   0.769   0.759   0.750   0.743   0.727   0.718   0.710   0.698   0.690   
			0.797   0.791   0.780   0.768   0.760   0.753   0.737   0.728   0.721   0.708   0.700   
			0.807   0.803   0.791   0.779   0.770   0.763   0.747   0.738   0.732   0.719   0.711   
			0.818   0.814   0.802   0.789   0.780   0.773   0.757   0.749   0.743   0.730   0.721   
			0.829   0.825   0.813   0.799   0.790   0.783   0.768   0.760   0.754   0.741   0.731   
			0.839   0.836   0.823   0.809   0.799   0.792   0.778   0.771   0.764   0.752   0.741   
		}

		OFFSET_FORMAT
		{
			Bilinear_Interpulation
			101 11:
#zoom points
			0.990   0.980   0.970   0.961   0.951   0.941   0.931   0.921   0.912   0.902   0.892   0.882   0.872   0.863   0.853   0.843   0.833   0.823   0.814   0.804   0.794   0.784   0.774   0.765   0.755   0.745   0.735   0.725   0.716   0.706   0.696   0.686   0.676   0.667   0.657   0.647   0.637   0.627   0.618   0.608   0.598   0.588   0.578   0.569   0.559   0.549   0.539   0.529   0.520   0.510   0.500   0.490   0.480   0.471   0.461   0.451   0.441   0.431   0.422   0.412   0.402   0.392   0.382   0.373   0.363   0.353   0.343   0.333   0.324   0.314   0.304   0.294   0.284   0.275   0.265   0.255   0.245   0.235   0.226   0.216   0.206   0.196   0.186   0.177   0.167   0.157   0.147   0.137   0.128   0.118   0.108   0.098   0.088   0.079   0.069   0.059   0.049   0.039   0.030   0.020   0.010   
#focus points
			1.000   0.900   0.800   0.700   0.600   0.500   0.400   0.300   0.200   0.100   0.000   
			5000  5000  5000  5000  5000  5000  5000  5000  5000  5000  5000  5000  
#data points
			-0.435   -0.491   -0.561   -0.642   -0.746   -0.880   -1.065   -1.299   -1.590   -2.089   -2.639   
			-0.434   -0.486   -0.555   -0.637   -0.738   -0.868   -1.053   -1.285   -1.578   -2.043   -2.592   
			-0.433   -0.479   -0.547   -0.629   -0.726   -0.851   -1.035   -1.266   -1.558   -1.985   -2.527   
			-0.432   -0.472   -0.537   -0.617   -0.713   -0.833   -1.011   -1.240   -1.531   -1.922   -2.441   
			-0.431   -0.466   -0.526   -0.603   -0.697   -0.813   -0.983   -1.208   -1.494   -1.857   -2.346   
			-0.427   -0.459   -0.514   -0.587   -0.678   -0.791   -0.951   -1.170   -1.451   -1.788   -2.233   
			-0.422   -0.453   -0.503   -0.570   -0.658   -0.768   -0.918   -1.130   -1.402   -1.717   -2.121   
			-0.414   -0.447   -0.494   -0.555   -0.639   -0.743   -0.883   -1.084   -1.349   -1.648   -2.006   
			-0.403   -0.440   -0.485   -0.540   -0.619   -0.718   -0.847   -1.033   -1.287   -1.570   -1.887   
			-0.391   -0.431   -0.476   -0.529   -0.602   -0.693   -0.814   -0.986   -1.226   -1.498   -1.788   
			-0.378   -0.420   -0.466   -0.517   -0.585   -0.668   -0.779   -0.937   -1.161   -1.416   -1.686   
			-0.365   -0.406   -0.453   -0.503   -0.568   -0.642   -0.743   -0.886   -1.091   -1.331   -1.586   
			-0.352   -0.391   -0.438   -0.489   -0.551   -0.616   -0.706   -0.837   -1.025   -1.250   -1.490   
			-0.339   -0.373   -0.419   -0.471   -0.534   -0.592   -0.673   -0.791   -0.961   -1.169   -1.396   
			-0.326   -0.356   -0.398   -0.451   -0.515   -0.570   -0.642   -0.747   -0.900   -1.092   -1.303   
			-0.314   -0.340   -0.379   -0.430   -0.494   -0.548   -0.613   -0.708   -0.845   -1.020   -1.212   
			-0.302   -0.325   -0.361   -0.409   -0.472   -0.524   -0.587   -0.670   -0.792   -0.951   -1.124   
			-0.290   -0.314   -0.346   -0.391   -0.450   -0.500   -0.562   -0.637   -0.744   -0.886   -1.039   
			-0.281   -0.304   -0.334   -0.375   -0.428   -0.476   -0.539   -0.607   -0.702   -0.829   -0.966   
			-0.272   -0.295   -0.323   -0.361   -0.405   -0.449   -0.515   -0.578   -0.662   -0.773   -0.891   
			-0.263   -0.285   -0.312   -0.347   -0.384   -0.424   -0.489   -0.549   -0.623   -0.720   -0.826   
			-0.254   -0.274   -0.300   -0.334   -0.365   -0.402   -0.466   -0.521   -0.588   -0.674   -0.768   
			-0.244   -0.262   -0.288   -0.320   -0.348   -0.383   -0.442   -0.492   -0.553   -0.631   -0.715   
			-0.234   -0.249   -0.274   -0.305   -0.332   -0.366   -0.420   -0.465   -0.521   -0.591   -0.669   
			-0.224   -0.237   -0.261   -0.289   -0.318   -0.351   -0.399   -0.437   -0.490   -0.554   -0.627   
			-0.213   -0.226   -0.248   -0.274   -0.303   -0.335   -0.378   -0.412   -0.461   -0.519   -0.586   
			-0.203   -0.217   -0.237   -0.260   -0.289   -0.320   -0.359   -0.389   -0.434   -0.487   -0.549   
			-0.194   -0.209   -0.228   -0.247   -0.275   -0.304   -0.341   -0.370   -0.410   -0.458   -0.514   
			-0.185   -0.202   -0.218   -0.235   -0.261   -0.288   -0.322   -0.351   -0.388   -0.429   -0.478   
			-0.177   -0.194   -0.209   -0.224   -0.248   -0.273   -0.303   -0.334   -0.366   -0.404   -0.447   
			-0.168   -0.185   -0.200   -0.213   -0.236   -0.260   -0.286   -0.316   -0.346   -0.381   -0.417   
			-0.161   -0.175   -0.189   -0.203   -0.224   -0.249   -0.270   -0.298   -0.327   -0.359   -0.391   
			-0.153   -0.165   -0.178   -0.193   -0.214   -0.239   -0.256   -0.282   -0.309   -0.339   -0.368   
			-0.146   -0.156   -0.168   -0.183   -0.203   -0.229   -0.244   -0.266   -0.292   -0.319   -0.347   
			-0.139   -0.148   -0.159   -0.173   -0.192   -0.218   -0.233   -0.252   -0.276   -0.301   -0.329   
			-0.134   -0.142   -0.152   -0.165   -0.181   -0.207   -0.223   -0.240   -0.262   -0.285   -0.313   
			-0.129   -0.136   -0.146   -0.157   -0.170   -0.193   -0.212   -0.229   -0.247   -0.270   -0.298   
			-0.124   -0.131   -0.141   -0.152   -0.161   -0.181   -0.200   -0.218   -0.233   -0.256   -0.283   
			-0.120   -0.126   -0.137   -0.147   -0.153   -0.170   -0.189   -0.207   -0.220   -0.243   -0.269   
			-0.117   -0.122   -0.132   -0.142   -0.148   -0.162   -0.179   -0.197   -0.207   -0.228   -0.254   
			-0.113   -0.117   -0.127   -0.138   -0.143   -0.156   -0.170   -0.187   -0.195   -0.215   -0.239   
			-0.109   -0.113   -0.122   -0.133   -0.139   -0.151   -0.163   -0.177   -0.184   -0.201   -0.224   
			-0.105   -0.108   -0.117   -0.127   -0.135   -0.146   -0.157   -0.169   -0.175   -0.188   -0.210   
			-0.102   -0.104   -0.113   -0.121   -0.131   -0.141   -0.153   -0.162   -0.167   -0.177   -0.199   
			-0.098   -0.101   -0.110   -0.116   -0.126   -0.136   -0.148   -0.156   -0.161   -0.169   -0.190   
			-0.094   -0.097   -0.107   -0.111   -0.122   -0.130   -0.142   -0.151   -0.155   -0.162   -0.181   
			-0.091   -0.094   -0.105   -0.107   -0.117   -0.125   -0.137   -0.145   -0.150   -0.156   -0.173   
			-0.088   -0.091   -0.101   -0.103   -0.113   -0.121   -0.131   -0.140   -0.145   -0.151   -0.164   
			-0.085   -0.088   -0.097   -0.099   -0.109   -0.117   -0.127   -0.136   -0.141   -0.146   -0.156   
			-0.082   -0.086   -0.092   -0.096   -0.104   -0.113   -0.122   -0.131   -0.137   -0.141   -0.147   
			-0.079   -0.083   -0.088   -0.092   -0.100   -0.109   -0.119   -0.126   -0.133   -0.135   -0.140   
			-0.076   -0.080   -0.084   -0.089   -0.096   -0.105   -0.116   -0.121   -0.129   -0.129   -0.133   
			-0.073   -0.077   -0.081   -0.086   -0.093   -0.100   -0.112   -0.117   -0.123   -0.124   -0.129   
			-0.068   -0.071   -0.077   -0.083   -0.089   -0.096   -0.108   -0.112   -0.117   -0.120   -0.126   
			-0.062   -0.065   -0.072   -0.079   -0.085   -0.091   -0.104   -0.107   -0.110   -0.115   -0.124   
			-0.057   -0.058   -0.065   -0.073   -0.081   -0.086   -0.100   -0.102   -0.104   -0.111   -0.121   
			-0.051   -0.051   -0.058   -0.066   -0.076   -0.081   -0.095   -0.097   -0.097   -0.106   -0.117   
			-0.046   -0.045   -0.051   -0.059   -0.070   -0.076   -0.089   -0.091   -0.091   -0.101   -0.113   
			-0.041   -0.039   -0.045   -0.052   -0.064   -0.070   -0.083   -0.085   -0.085   -0.096   -0.107   
			-0.037   -0.034   -0.040   -0.046   -0.058   -0.064   -0.075   -0.078   -0.079   -0.089   -0.101   
			-0.034   -0.030   -0.036   -0.042   -0.053   -0.059   -0.068   -0.072   -0.073   -0.082   -0.094   
			-0.031   -0.027   -0.033   -0.039   -0.049   -0.054   -0.062   -0.065   -0.067   -0.075   -0.087   
			-0.028   -0.023   -0.030   -0.035   -0.044   -0.049   -0.056   -0.059   -0.060   -0.067   -0.079   
			-0.025   -0.020   -0.027   -0.033   -0.040   -0.044   -0.051   -0.054   -0.054   -0.060   -0.071   
			-0.022   -0.017   -0.025   -0.029   -0.036   -0.040   -0.046   -0.049   -0.049   -0.054   -0.064   
			-0.019   -0.015   -0.022   -0.026   -0.032   -0.035   -0.042   -0.045   -0.044   -0.049   -0.058   
			-0.016   -0.013   -0.019   -0.022   -0.028   -0.031   -0.038   -0.042   -0.041   -0.045   -0.053   
			-0.013   -0.012   -0.017   -0.019   -0.023   -0.027   -0.034   -0.039   -0.038   -0.042   -0.048   
			-0.009   -0.010   -0.014   -0.016   -0.018   -0.023   -0.032   -0.036   -0.035   -0.038   -0.044   
			-0.006   -0.008   -0.012   -0.014   -0.014   -0.019   -0.029   -0.034   -0.032   -0.035   -0.039   
			-0.002   -0.006   -0.010   -0.012   -0.010   -0.015   -0.028   -0.032   -0.029   -0.032   -0.035   
			 0.001   -0.004   -0.009   -0.011   -0.007   -0.011   -0.025   -0.030   -0.026   -0.028   -0.031   
			 0.004   -0.001   -0.007   -0.009   -0.004   -0.007   -0.023   -0.028   -0.023   -0.024   -0.028   
			 0.006    0.002   -0.005   -0.007   -0.003   -0.004   -0.019   -0.025   -0.021   -0.021   -0.025   
			 0.007    0.004   -0.003   -0.006   -0.001   -0.001   -0.016   -0.023   -0.019   -0.018   -0.023   
			 0.008    0.005   -0.002   -0.004    0.000    0.000   -0.012   -0.021   -0.017   -0.016   -0.021   
			 0.008    0.006    0.000   -0.002    0.001    0.001   -0.009   -0.018   -0.015   -0.014   -0.020   
			 0.009    0.007    0.001    0.000    0.003    0.002   -0.007   -0.014   -0.012   -0.013   -0.020   
			 0.012    0.008    0.003    0.003    0.005    0.003   -0.005   -0.010   -0.009   -0.012   -0.019   
			 0.016    0.010    0.005    0.005    0.008    0.004   -0.003   -0.005   -0.006   -0.011   -0.017   
			 0.021    0.013    0.008    0.008    0.012    0.006   -0.001   -0.001   -0.004   -0.009   -0.015   
			 0.026    0.018    0.011    0.011    0.016    0.008    0.001    0.002   -0.002   -0.007   -0.011   
			 0.032    0.023    0.015    0.014    0.020    0.011    0.005    0.005    0.000   -0.004   -0.006   
			 0.036    0.028    0.018    0.016    0.024    0.015    0.008    0.007    0.001   -0.001   -0.001   
			 0.040    0.033    0.021    0.019    0.027    0.020    0.011    0.007    0.002    0.002    0.003   
			 0.043    0.038    0.025    0.021    0.030    0.025    0.014    0.008    0.005    0.005    0.006   
			 0.046    0.043    0.028    0.024    0.033    0.030    0.017    0.009    0.008    0.008    0.007   
			 0.048    0.048    0.031    0.027    0.036    0.035    0.019    0.012    0.012    0.013    0.009   
			 0.051    0.052    0.035    0.031    0.040    0.038    0.022    0.016    0.018    0.018    0.012   
			 0.053    0.056    0.039    0.035    0.044    0.042    0.026    0.022    0.023    0.024    0.016   
			 0.056    0.058    0.043    0.039    0.047    0.045    0.030    0.028    0.028    0.029    0.022   
			 0.057    0.059    0.047    0.044    0.051    0.049    0.034    0.033    0.033    0.033    0.028   
			 0.058    0.059    0.049    0.047    0.053    0.053    0.038    0.037    0.037    0.036    0.034   
			 0.057    0.059    0.051    0.048    0.054    0.056    0.041    0.039    0.040    0.038    0.038   
			 0.056    0.058    0.051    0.049    0.053    0.059    0.042    0.040    0.043    0.038    0.040   
			 0.054    0.059    0.052    0.048    0.053    0.061    0.041    0.041    0.046    0.038    0.041   
			 0.052    0.060    0.053    0.047    0.051    0.061    0.040    0.041    0.049    0.039    0.041   
			 0.051    0.062    0.054    0.045    0.050    0.060    0.038    0.042    0.052    0.041    0.041   
			 0.051    0.064    0.056    0.044    0.048    0.058    0.037    0.044    0.055    0.044    0.041   
			 0.052    0.067    0.058    0.044    0.047    0.056    0.037    0.046    0.057    0.047    0.041   
			 0.054    0.070    0.060    0.044    0.045    0.055    0.039    0.049    0.058    0.051    0.042   
		}
	}
}
