LENS
{
	LENS_TYPE 	canon_wide_1
	CCD_EQUIVALENT	0.666667	inches
	CCD_RATIO	0.750000

	ZOOM_CALIBRATION
	{
		FOV_FORMAT
		{
			Linear_Interpulation
			2:
			0.01  0.99
			0.00  0.00
		}
		OFFSET_FORMAT
		{
			Linear_Interpulation
			2:
			0.01  0.99
			0.00  0.00
		}
	}

	FOCUS_CALIBRATION
	{
		FOV_FORMAT
		{
			Bilinear_Interpulation
			101 11:
#zoom points
			0.990   0.980   0.970   0.961   0.951   0.941   0.931   0.921   0.912   0.902   0.892   0.882   0.872   0.863   0.853   0.843   0.833   0.823   0.814   0.804   0.794   0.784   0.774   0.765   0.755   0.745   0.735   0.725   0.716   0.706   0.696   0.686   0.676   0.667   0.657   0.647   0.637   0.627   0.618   0.608   0.598   0.588   0.578   0.569   0.559   0.549   0.539   0.529   0.520   0.510   0.500   0.490   0.480   0.471   0.461   0.451   0.441   0.431   0.422   0.412   0.402   0.392   0.382   0.373   0.363   0.353   0.343   0.333   0.324   0.314   0.304   0.294   0.284   0.275   0.265   0.255   0.245   0.235   0.226   0.216   0.206   0.196   0.186   0.177   0.167   0.157   0.147   0.137   0.128   0.118   0.108   0.098   0.088   0.079   0.069   0.059   0.049   0.039   0.030   0.020   0.010   
#focus points
			1.000   0.900   0.800   0.700   0.600   0.500   0.400   0.300   0.200   0.100   0.000   
#focus values (distance in milimeters)
			5000  5000  5000  5000  5000  5000  5000  5000  5000  5000  5000  5000  
#data points
			0.017   0.020   0.024   0.029   0.034   0.040   0.045   0.051   0.056   0.061   0.065   
			0.017   0.020   0.025   0.030   0.035   0.041   0.046   0.051   0.057   0.062   0.066   
			0.018   0.021   0.025   0.030   0.036   0.041   0.047   0.052   0.058   0.063   0.067   
			0.018   0.022   0.026   0.031   0.037   0.042   0.048   0.053   0.059   0.064   0.068   
			0.019   0.022   0.027   0.032   0.038   0.044   0.049   0.055   0.060   0.065   0.069   
			0.020   0.023   0.028   0.034   0.039   0.045   0.051   0.056   0.061   0.066   0.071   
			0.021   0.025   0.029   0.035   0.041   0.046   0.052   0.058   0.063   0.068   0.072   
			0.022   0.026   0.031   0.037   0.042   0.048   0.054   0.059   0.065   0.070   0.075   
			0.023   0.027   0.033   0.038   0.044   0.050   0.056   0.061   0.067   0.072   0.077   
			0.025   0.029   0.034   0.040   0.046   0.052   0.058   0.064   0.069   0.074   0.079   
			0.027   0.031   0.037   0.043   0.049   0.055   0.060   0.066   0.072   0.077   0.082   
			0.028   0.033   0.039   0.045   0.051   0.057   0.063   0.069   0.074   0.080   0.085   
			0.030   0.035   0.041   0.047   0.053   0.059   0.065   0.071   0.077   0.083   0.088   
			0.033   0.038   0.044   0.050   0.056   0.062   0.068   0.074   0.080   0.086   0.091   
			0.035   0.040   0.047   0.053   0.059   0.065   0.071   0.077   0.083   0.089   0.094   
			0.038   0.043   0.050   0.056   0.062   0.068   0.074   0.081   0.087   0.093   0.098   
			0.041   0.046   0.053   0.059   0.065   0.072   0.078   0.084   0.090   0.096   0.102   
			0.044   0.050   0.056   0.062   0.069   0.075   0.082   0.088   0.094   0.100   0.106   
			0.047   0.053   0.059   0.066   0.072   0.079   0.085   0.092   0.098   0.104   0.110   
			0.051   0.056   0.063   0.070   0.076   0.083   0.089   0.096   0.102   0.108   0.114   
			0.055   0.060   0.067   0.073   0.080   0.087   0.093   0.100   0.106   0.113   0.118   
			0.058   0.064   0.071   0.078   0.084   0.091   0.098   0.104   0.111   0.117   0.123   
			0.063   0.068   0.075   0.082   0.089   0.096   0.102   0.109   0.116   0.122   0.128   
			0.067   0.072   0.079   0.086   0.093   0.100   0.107   0.114   0.120   0.127   0.133   
			0.071   0.077   0.084   0.091   0.098   0.105   0.112   0.119   0.126   0.133   0.138   
			0.076   0.081   0.089   0.096   0.103   0.110   0.117   0.124   0.131   0.138   0.144   
			0.080   0.086   0.094   0.101   0.108   0.115   0.122   0.130   0.137   0.143   0.149   
			0.086   0.092   0.099   0.107   0.114   0.121   0.128   0.136   0.143   0.150   0.156   
			0.091   0.097   0.104   0.112   0.119   0.127   0.134   0.141   0.148   0.155   0.162   
			0.096   0.103   0.110   0.118   0.125   0.132   0.140   0.147   0.155   0.162   0.168   
			0.102   0.108   0.116   0.124   0.131   0.139   0.146   0.154   0.161   0.169   0.175   
			0.108   0.115   0.122   0.130   0.138   0.145   0.153   0.161   0.168   0.175   0.182   
			0.114   0.121   0.128   0.136   0.144   0.152   0.159   0.167   0.175   0.182   0.189   
			0.121   0.127   0.135   0.143   0.151   0.159   0.167   0.175   0.182   0.190   0.196   
			0.127   0.134   0.142   0.150   0.158   0.166   0.174   0.182   0.190   0.197   0.204   
			0.134   0.141   0.149   0.157   0.165   0.173   0.181   0.189   0.197   0.205   0.211   
			0.141   0.148   0.156   0.165   0.173   0.181   0.189   0.197   0.205   0.213   0.219   
			0.149   0.155   0.164   0.172   0.180   0.189   0.197   0.205   0.213   0.221   0.227   
			0.156   0.163   0.171   0.180   0.188   0.197   0.205   0.213   0.221   0.229   0.236   
			0.164   0.171   0.180   0.188   0.197   0.205   0.213   0.221   0.229   0.238   0.244   
			0.172   0.179   0.188   0.196   0.205   0.213   0.221   0.230   0.238   0.246   0.253   
			0.180   0.188   0.196   0.205   0.213   0.222   0.230   0.239   0.247   0.255   0.262   
			0.189   0.196   0.205   0.214   0.222   0.230   0.239   0.248   0.256   0.264   0.271   
			0.197   0.205   0.213   0.222   0.231   0.240   0.248   0.257   0.265   0.274   0.281   
			0.206   0.214   0.223   0.232   0.240   0.249   0.258   0.266   0.275   0.284   0.291   
			0.215   0.223   0.232   0.241   0.250   0.258   0.267   0.276   0.285   0.293   0.301   
			0.224   0.232   0.241   0.250   0.259   0.268   0.277   0.286   0.295   0.303   0.311   
			0.234   0.242   0.251   0.260   0.269   0.278   0.287   0.297   0.306   0.314   0.322   
			0.244   0.252   0.261   0.271   0.280   0.289   0.298   0.307   0.316   0.325   0.333   
			0.253   0.261   0.271   0.280   0.290   0.299   0.308   0.318   0.327   0.336   0.343   
			0.264   0.272   0.282   0.292   0.301   0.310   0.319   0.329   0.338   0.347   0.355   
			0.275   0.283   0.292   0.302   0.312   0.321   0.331   0.340   0.350   0.359   0.367   
			0.285   0.293   0.303   0.313   0.323   0.332   0.342   0.352   0.361   0.371   0.379   
			0.296   0.305   0.315   0.325   0.334   0.344   0.354   0.364   0.374   0.383   0.392   
			0.308   0.316   0.326   0.336   0.346   0.356   0.365   0.376   0.386   0.396   0.405   
			0.319   0.327   0.337   0.347   0.357   0.368   0.378   0.388   0.399   0.408   0.418   
			0.330   0.339   0.350   0.360   0.370   0.381   0.391   0.401   0.411   0.422   0.431   
			0.342   0.351   0.361   0.372   0.382   0.393   0.403   0.414   0.425   0.435   0.444   
			0.354   0.363   0.374   0.385   0.396   0.406   0.417   0.428   0.438   0.449   0.458   
			0.367   0.376   0.387   0.398   0.409   0.420   0.430   0.441   0.452   0.462   0.471   
			0.379   0.388   0.399   0.411   0.422   0.433   0.443   0.454   0.465   0.475   0.485   
			0.392   0.402   0.413   0.425   0.436   0.446   0.457   0.468   0.479   0.489   0.499   
			0.406   0.415   0.427   0.438   0.449   0.460   0.471   0.482   0.493   0.504   0.513   
			0.418   0.428   0.440   0.451   0.462   0.473   0.484   0.495   0.506   0.517   0.526   
			0.432   0.442   0.453   0.465   0.476   0.487   0.498   0.510   0.521   0.531   0.541   
			0.446   0.456   0.468   0.479   0.490   0.501   0.513   0.524   0.535   0.546   0.555   
			0.460   0.469   0.481   0.492   0.504   0.515   0.526   0.538   0.549   0.560   0.569   
			0.474   0.483   0.495   0.507   0.518   0.529   0.541   0.552   0.564   0.574   0.585   
			0.488   0.498   0.509   0.521   0.533   0.544   0.555   0.567   0.578   0.589   0.599   
			0.501   0.511   0.523   0.535   0.546   0.558   0.569   0.581   0.592   0.603   0.613   
			0.515   0.525   0.537   0.549   0.561   0.572   0.584   0.596   0.607   0.618   0.628   
			0.530   0.539   0.551   0.564   0.575   0.587   0.598   0.610   0.622   0.633   0.643   
			0.543   0.554   0.566   0.578   0.590   0.601   0.613   0.625   0.636   0.647   0.657   
			0.558   0.568   0.581   0.592   0.604   0.616   0.628   0.640   0.651   0.662   0.672   
			0.572   0.582   0.594   0.606   0.618   0.630   0.642   0.654   0.666   0.677   0.687   
			0.586   0.597   0.609   0.621   0.633   0.645   0.657   0.669   0.680   0.692   0.702   
			0.601   0.611   0.623   0.636   0.648   0.660   0.671   0.684   0.695   0.706   0.717   
			0.615   0.625   0.637   0.650   0.662   0.674   0.686   0.698   0.710   0.721   0.731   
			0.630   0.640   0.652   0.664   0.676   0.689   0.701   0.713   0.725   0.736   0.746   
			0.644   0.655   0.667   0.680   0.692   0.704   0.716   0.728   0.740   0.751   0.761   
			0.658   0.668   0.681   0.694   0.706   0.718   0.730   0.742   0.754   0.765   0.776   
			0.672   0.683   0.696   0.708   0.720   0.733   0.745   0.757   0.769   0.780   0.791   
			0.687   0.698   0.711   0.723   0.735   0.748   0.760   0.772   0.784   0.795   0.805   
			0.700   0.711   0.724   0.737   0.749   0.762   0.774   0.786   0.797   0.809   0.819   
			0.715   0.726   0.739   0.752   0.764   0.776   0.789   0.801   0.812   0.824   0.833   
			0.730   0.741   0.754   0.766   0.779   0.791   0.803   0.815   0.827   0.838   0.848   
			0.743   0.754   0.767   0.780   0.792   0.805   0.817   0.829   0.840   0.851   0.862   
			0.758   0.769   0.782   0.794   0.807   0.819   0.831   0.842   0.854   0.865   0.875   
			0.771   0.782   0.795   0.808   0.820   0.833   0.845   0.856   0.868   0.879   0.889   
			0.785   0.796   0.809   0.821   0.834   0.846   0.858   0.869   0.880   0.892   0.902   
			0.799   0.810   0.823   0.835   0.847   0.860   0.871   0.883   0.894   0.905   0.915   
			0.812   0.823   0.836   0.848   0.860   0.873   0.884   0.896   0.907   0.918   0.928   
			0.825   0.836   0.849   0.861   0.873   0.886   0.897   0.909   0.920   0.931   0.941   
			0.839   0.850   0.862   0.874   0.886   0.899   0.910   0.922   0.934   0.945   0.954   
			0.851   0.862   0.874   0.886   0.898   0.911   0.922   0.934   0.946   0.957   0.966   
			0.863   0.874   0.887   0.898   0.910   0.923   0.935   0.947   0.958   0.969   0.979   
			0.876   0.887   0.899   0.911   0.923   0.936   0.948   0.959   0.971   0.982   0.991   
			0.888   0.898   0.911   0.922   0.934   0.947   0.960   0.971   0.983   0.993   1.003   
			0.899   0.910   0.922   0.934   0.946   0.959   0.972   0.984   0.995   1.005   1.014   
			0.911   0.921   0.934   0.945   0.957   0.971   0.983   0.995   1.006   1.016   1.025   
			0.921   0.932   0.944   0.955   0.968   0.982   0.994   1.006   1.016   1.027   1.036   
		}

		OFFSET_FORMAT
		{
			Bilinear_Interpulation
			101 11:
#zoom points
			0.990   0.980   0.970   0.961   0.951   0.941   0.931   0.921   0.912   0.902   0.892   0.882   0.872   0.863   0.853   0.843   0.833   0.823   0.814   0.804   0.794   0.784   0.774   0.765   0.755   0.745   0.735   0.725   0.716   0.706   0.696   0.686   0.676   0.667   0.657   0.647   0.637   0.627   0.618   0.608   0.598   0.588   0.578   0.569   0.559   0.549   0.539   0.529   0.520   0.510   0.500   0.490   0.480   0.471   0.461   0.451   0.441   0.431   0.422   0.412   0.402   0.392   0.382   0.373   0.363   0.353   0.343   0.333   0.324   0.314   0.304   0.294   0.284   0.275   0.265   0.255   0.245   0.235   0.226   0.216   0.206   0.196   0.186   0.177   0.167   0.157   0.147   0.137   0.128   0.118   0.108   0.098   0.088   0.079   0.069   0.059   0.049   0.039   0.030   0.020   0.010   
#focus points
			1.000   0.900   0.800   0.700   0.600   0.500   0.400   0.300   0.200   0.100   0.000   
			5000  5000  5000  5000  5000  5000  5000  5000  5000  5000  5000  5000  
#data points
			-1.210   -1.091   -0.934   -0.770   -0.616   -0.493   -0.402   -0.338   -0.287   -0.247   -0.223   
			-1.203   -1.084   -0.926   -0.760   -0.608   -0.486   -0.397   -0.334   -0.285   -0.246   -0.223   
			-1.192   -1.073   -0.914   -0.747   -0.596   -0.477   -0.391   -0.329   -0.282   -0.245   -0.223   
			-1.178   -1.058   -0.898   -0.730   -0.582   -0.467   -0.383   -0.323   -0.278   -0.243   -0.222   
			-1.158   -1.038   -0.876   -0.708   -0.564   -0.454   -0.373   -0.316   -0.273   -0.240   -0.220   
			-1.134   -1.012   -0.849   -0.682   -0.543   -0.438   -0.362   -0.308   -0.267   -0.236   -0.217   
			-1.109   -0.985   -0.819   -0.655   -0.522   -0.423   -0.351   -0.300   -0.262   -0.232   -0.213   
			-1.079   -0.952   -0.785   -0.625   -0.499   -0.406   -0.339   -0.291   -0.255   -0.226   -0.206   
			-1.049   -0.918   -0.748   -0.593   -0.476   -0.389   -0.327   -0.283   -0.248   -0.219   -0.199   
			-1.012   -0.876   -0.707   -0.561   -0.452   -0.372   -0.315   -0.274   -0.240   -0.211   -0.190   
			-0.968   -0.828   -0.664   -0.528   -0.428   -0.355   -0.303   -0.263   -0.231   -0.201   -0.181   
			-0.922   -0.782   -0.623   -0.498   -0.407   -0.340   -0.291   -0.253   -0.221   -0.192   -0.171   
			-0.870   -0.732   -0.581   -0.467   -0.386   -0.325   -0.279   -0.242   -0.211   -0.182   -0.162   
			-0.810   -0.676   -0.539   -0.437   -0.364   -0.309   -0.266   -0.230   -0.199   -0.172   -0.152   
			-0.755   -0.628   -0.502   -0.412   -0.346   -0.296   -0.253   -0.218   -0.189   -0.163   -0.144   
			-0.694   -0.577   -0.466   -0.387   -0.329   -0.281   -0.240   -0.206   -0.178   -0.153   -0.135   
			-0.635   -0.531   -0.432   -0.363   -0.311   -0.266   -0.226   -0.193   -0.167   -0.144   -0.127   
			-0.581   -0.489   -0.403   -0.342   -0.293   -0.250   -0.213   -0.182   -0.158   -0.136   -0.119   
			-0.532   -0.453   -0.377   -0.323   -0.277   -0.236   -0.201   -0.171   -0.149   -0.127   -0.111   
			-0.486   -0.418   -0.352   -0.302   -0.258   -0.220   -0.188   -0.160   -0.139   -0.118   -0.103   
			-0.447   -0.389   -0.330   -0.284   -0.242   -0.206   -0.177   -0.151   -0.130   -0.110   -0.096   
			-0.413   -0.362   -0.308   -0.265   -0.225   -0.193   -0.166   -0.141   -0.121   -0.103   -0.089   
			-0.381   -0.337   -0.287   -0.246   -0.209   -0.180   -0.155   -0.131   -0.112   -0.095   -0.082   
			-0.354   -0.314   -0.267   -0.229   -0.195   -0.168   -0.144   -0.122   -0.104   -0.088   -0.077   
			-0.327   -0.290   -0.247   -0.211   -0.180   -0.155   -0.133   -0.113   -0.096   -0.082   -0.071   
			-0.302   -0.268   -0.229   -0.196   -0.168   -0.144   -0.123   -0.104   -0.089   -0.076   -0.065   
			-0.279   -0.247   -0.211   -0.181   -0.155   -0.133   -0.114   -0.097   -0.083   -0.070   -0.060   
			-0.256   -0.226   -0.193   -0.166   -0.142   -0.122   -0.105   -0.089   -0.076   -0.063   -0.054   
			-0.236   -0.209   -0.178   -0.153   -0.132   -0.113   -0.097   -0.082   -0.070   -0.057   -0.048   
			-0.216   -0.191   -0.164   -0.141   -0.122   -0.105   -0.090   -0.076   -0.063   -0.051   -0.042   
			-0.198   -0.175   -0.150   -0.129   -0.112   -0.096   -0.082   -0.068   -0.056   -0.045   -0.036   
			-0.181   -0.160   -0.137   -0.119   -0.103   -0.088   -0.075   -0.061   -0.050   -0.039   -0.031   
			-0.166   -0.147   -0.126   -0.110   -0.095   -0.081   -0.067   -0.055   -0.044   -0.034   -0.027   
			-0.151   -0.134   -0.115   -0.100   -0.086   -0.073   -0.060   -0.048   -0.038   -0.030   -0.024   
			-0.139   -0.123   -0.106   -0.091   -0.078   -0.065   -0.053   -0.042   -0.034   -0.027   -0.022   
			-0.127   -0.112   -0.097   -0.083   -0.070   -0.058   -0.047   -0.038   -0.030   -0.024   -0.020   
			-0.116   -0.102   -0.087   -0.075   -0.063   -0.052   -0.042   -0.034   -0.027   -0.022   -0.018   
			-0.105   -0.093   -0.079   -0.067   -0.056   -0.046   -0.038   -0.031   -0.025   -0.019   -0.016   
			-0.096   -0.084   -0.071   -0.060   -0.050   -0.042   -0.034   -0.028   -0.022   -0.017   -0.014   
			-0.086   -0.075   -0.063   -0.054   -0.045   -0.038   -0.031   -0.026   -0.020   -0.015   -0.012   
			-0.078   -0.067   -0.057   -0.049   -0.041   -0.035   -0.029   -0.023   -0.018   -0.012   -0.010   
			-0.070   -0.061   -0.052   -0.044   -0.038   -0.032   -0.026   -0.021   -0.015   -0.010   -0.008   
			-0.064   -0.055   -0.047   -0.041   -0.035   -0.029   -0.023   -0.018   -0.013   -0.008   -0.006   
			-0.058   -0.050   -0.043   -0.037   -0.031   -0.026   -0.021   -0.016   -0.011   -0.006   -0.004   
			-0.053   -0.046   -0.040   -0.033   -0.028   -0.023   -0.018   -0.013   -0.009   -0.004   -0.002   
			-0.049   -0.043   -0.036   -0.030   -0.025   -0.021   -0.016   -0.011   -0.006   -0.002    0.000   
			-0.045   -0.039   -0.033   -0.027   -0.022   -0.018   -0.013   -0.009   -0.004    0.000    0.002   
			-0.041   -0.035   -0.029   -0.023   -0.020   -0.016   -0.011   -0.006   -0.002    0.002    0.004   
			-0.037   -0.032   -0.026   -0.021   -0.017   -0.013   -0.008   -0.004    0.000    0.004    0.006   
			-0.033   -0.029   -0.024   -0.018   -0.015   -0.011   -0.006   -0.002    0.002    0.006    0.008   
			-0.029   -0.026   -0.021   -0.015   -0.012   -0.008   -0.003    0.001    0.005    0.008    0.011   
			-0.026   -0.023   -0.018   -0.013   -0.009   -0.005   -0.001    0.003    0.007    0.011    0.014   
			-0.023   -0.020   -0.015   -0.010   -0.007   -0.003    0.001    0.005    0.010    0.014    0.018   
			-0.020   -0.017   -0.012   -0.008   -0.004    0.000    0.004    0.008    0.013    0.018    0.023   
			-0.017   -0.014   -0.009   -0.005   -0.001    0.003    0.007    0.012    0.017    0.023    0.028   
			-0.014   -0.011   -0.006   -0.002    0.002    0.006    0.011    0.016    0.022    0.028    0.033   
			-0.011   -0.008   -0.003    0.001    0.006    0.011    0.016    0.021    0.027    0.033    0.038   
			-0.008   -0.004    0.000    0.005    0.010    0.015    0.021    0.027    0.032    0.038    0.043   
			-0.005   -0.001    0.004    0.009    0.015    0.021    0.027    0.032    0.038    0.043    0.047   
			-0.001    0.003    0.009    0.015    0.020    0.026    0.032    0.037    0.042    0.047    0.051   
			 0.003    0.008    0.014    0.020    0.025    0.031    0.037    0.042    0.047    0.051    0.054   
			 0.009    0.013    0.020    0.026    0.031    0.036    0.041    0.046    0.050    0.054    0.058   
			 0.014    0.019    0.025    0.031    0.036    0.041    0.046    0.050    0.054    0.057    0.061   
			 0.019    0.024    0.030    0.036    0.040    0.045    0.049    0.053    0.057    0.060    0.063   
			 0.025    0.030    0.035    0.040    0.044    0.048    0.052    0.057    0.060    0.063    0.067   
			 0.031    0.035    0.040    0.044    0.048    0.052    0.056    0.060    0.063    0.067    0.070   
			 0.035    0.039    0.044    0.048    0.051    0.055    0.059    0.063    0.067    0.070    0.073   
			 0.040    0.043    0.047    0.051    0.055    0.058    0.062    0.066    0.070    0.073    0.076   
			 0.043    0.047    0.051    0.054    0.058    0.062    0.066    0.070    0.073    0.077    0.079   
			 0.047    0.050    0.054    0.058    0.061    0.065    0.069    0.073    0.077    0.079    0.082   
			 0.050    0.054    0.058    0.061    0.065    0.068    0.072    0.076    0.080    0.082    0.084   
			 0.054    0.057    0.061    0.065    0.068    0.072    0.075    0.079    0.082    0.085    0.087   
			 0.057    0.061    0.064    0.068    0.071    0.075    0.078    0.082    0.085    0.087    0.089   
			 0.061    0.064    0.068    0.071    0.075    0.078    0.081    0.085    0.087    0.089    0.091   
			 0.064    0.068    0.071    0.074    0.077    0.080    0.084    0.087    0.090    0.091    0.093   
			 0.067    0.071    0.074    0.077    0.080    0.083    0.086    0.089    0.092    0.094    0.095   
			 0.071    0.074    0.077    0.080    0.083    0.085    0.088    0.092    0.094    0.096    0.098   
			 0.074    0.077    0.079    0.082    0.085    0.088    0.091    0.094    0.096    0.098    0.100   
			 0.077    0.080    0.082    0.085    0.087    0.090    0.093    0.096    0.099    0.100    0.102   
			 0.079    0.082    0.085    0.088    0.090    0.093    0.096    0.099    0.101    0.102    0.104   
			 0.082    0.085    0.087    0.090    0.092    0.095    0.098    0.101    0.103    0.104    0.105   
			 0.084    0.087    0.090    0.093    0.094    0.097    0.100    0.103    0.105    0.106    0.107   
			 0.087    0.090    0.093    0.095    0.097    0.100    0.102    0.105    0.107    0.108    0.108   
			 0.089    0.092    0.095    0.097    0.099    0.102    0.104    0.106    0.108    0.109    0.109   
			 0.092    0.095    0.097    0.099    0.101    0.104    0.107    0.108    0.109    0.110    0.110   
			 0.094    0.097    0.100    0.101    0.104    0.106    0.108    0.110    0.110    0.111    0.111   
			 0.096    0.099    0.102    0.103    0.105    0.108    0.110    0.111    0.111    0.111    0.111   
			 0.099    0.101    0.104    0.105    0.107    0.110    0.111    0.112    0.112    0.112    0.112   
			 0.101    0.103    0.106    0.107    0.109    0.111    0.112    0.113    0.112    0.112    0.112   
			 0.103    0.105    0.108    0.109    0.110    0.112    0.113    0.113    0.113    0.112    0.112   
			 0.105    0.107    0.110    0.110    0.111    0.113    0.114    0.113    0.113    0.113    0.112   
			 0.106    0.109    0.111    0.111    0.112    0.114    0.114    0.114    0.113    0.114    0.113   
			 0.108    0.110    0.112    0.112    0.112    0.114    0.114    0.114    0.114    0.114    0.113   
			 0.109    0.111    0.112    0.112    0.112    0.114    0.114    0.114    0.115    0.115    0.114   
			 0.110    0.111    0.113    0.112    0.112    0.114    0.114    0.114    0.115    0.115    0.114   
			 0.110    0.111    0.112    0.111    0.111    0.114    0.115    0.115    0.115    0.115    0.114   
			 0.110    0.111    0.111    0.110    0.110    0.114    0.115    0.115    0.116    0.115    0.114   
			 0.109    0.110    0.111    0.109    0.110    0.114    0.115    0.115    0.115    0.115    0.113   
			 0.108    0.109    0.110    0.108    0.109    0.114    0.115    0.116    0.115    0.114    0.112   
			 0.108    0.109    0.109    0.107    0.109    0.114    0.116    0.116    0.115    0.113    0.112   
			 0.107    0.108    0.109    0.107    0.109    0.114    0.117    0.117    0.115    0.112    0.111   
		}
	}
}
