 newLensFormat14
fullLensType Canon
disToTarget 0.000000
focusPointes 10
zoomPointes 10
lensWideVal 7.600000
lensFactorVal 22.000000
numberOfPointes 82 4 
0.0000 0.0014 51.3500 -32.9000 0.0000 0.0000
0.0000 0.4989 16.9120 -29.4000 0.0000 0.0000
0.0000 0.9996 2.3960 46.2050 0.0000 0.0000
0.4943 0.9980 0.4350 1094.2760 0.0000 0.0000
0.4943 0.5007 14.8020 -26.0410 0.0000 0.0000
0.4943 0.0006 47.7890 -37.0950 0.0000 0.0000
0.9994 0.0016 44.1110 -38.0080 0.0000 0.0000
0.9996 0.5016 12.7890 -19.6440 0.0000 0.0000
0.9996 0.9985 0.6170 -207.7130 0.0000 0.0000
0.9996 0.6736 6.1090 -51.6100 0.0000 0.0000
0.9996 0.3296 22.3050 -35.2090 0.0000 0.0000
0.6721 0.3296 23.7440 -34.0100 0.0000 0.0000
0.6724 0.0006 46.4330 -35.2730 0.0000 0.0000
0.6725 0.6668 7.3180 -22.8530 0.0000 0.0000
0.6721 0.9982 0.1600 1917.0229 0.0000 0.0000
0.3388 0.9980 0.9460 604.9290 0.0000 0.0000
0.3388 0.6710 8.2670 -13.1810 0.0000 0.0000
0.3388 0.3316 25.1310 -34.6320 0.0000 0.0000
0.3387 0.0007 48.8060 -33.2850 0.0000 0.0000
0.0002 0.3321 26.7260 -33.2620 0.0000 0.0000
0.0002 0.6660 9.5880 -19.7850 0.0000 0.0000
0.0002 0.1055 43.2470 -37.1120 0.0000 0.0000
0.0002 0.2228 34.3190 -36.0719 0.0000 0.0000
0.0002 0.4465 19.7259 -31.3012 0.0000 0.0000
0.0002 0.5604 13.9280 -24.4100 0.0000 0.0000
0.0002 0.7781 6.1730 -18.2680 0.0000 0.0000
0.0002 0.8869 3.8820 -6.8200 0.0000 0.0000
0.1148 0.8869 3.5360 24.7620 0.0000 0.0000
0.1152 0.7756 5.8670 -10.0370 0.0000 0.0000
0.1150 0.6677 9.0620 -19.1130 0.0000 0.0000
0.1147 0.5568 13.6800 -33.4393 0.0000 0.0000
0.1147 0.4449 19.3170 -31.6810 0.0000 0.0000
0.1151 0.3376 25.8190 -33.4194 0.0000 0.0000
0.1149 0.2174 33.9979 -35.9273 0.0000 0.0000
0.1147 0.1089 42.1600 -36.3857 0.0000 0.0000
0.1147 0.0013 50.5900 -33.7318 0.0000 0.0000
0.2186 0.0013 49.7390 -33.2892 0.0000 0.0000
0.2186 0.1156 40.9200 -35.0762 0.0000 0.0000
0.2186 0.2203 33.2080 -35.7217 0.0000 0.0000
0.2186 0.3331 25.6280 -36.4781 0.0000 0.0000
0.2186 0.5595 13.2230 -47.6538 0.0000 0.0000
0.2185 0.7755 5.5720 -5.7650 0.0000 0.0000
0.2185 0.8860 3.2980 14.9300 0.0000 0.0000
0.2185 0.9998 1.1990 270.4904 0.0000 0.0000
0.3410 0.8849 2.6900 87.2710 0.0000 0.0000
0.3410 0.7761 5.1770 -13.2804 0.0000 0.0000
0.3410 0.5530 13.0560 -30.6697 0.0000 0.0000
0.3407 0.4375 18.8480 -32.1411 0.0000 0.0000
0.3408 0.2208 32.5170 -34.0978 0.0000 0.0000
0.3410 0.1157 40.0760 -33.7578 0.0000 0.0000
0.4458 0.1088 39.9060 -33.2212 0.0000 0.0000
0.4462 0.2182 32.1150 -35.9710 0.0000 0.0000
0.4458 0.3348 24.4980 -32.9150 0.0000 0.0000
0.4463 0.4422 18.0750 -29.3500 0.0000 0.0000
0.4463 0.5551 12.4720 -24.3580 0.0000 0.0000
0.4459 0.6679 8.0130 -13.0960 0.0000 0.0000
0.4458 0.7832 4.6090 11.8590 0.0000 0.0000
0.4458 0.8886 2.3280 100.7870 0.0000 0.0000
0.5575 0.8886 0.9140 539.0870 0.0000 0.0000
0.5575 0.7787 4.3590 26.8970 0.0000 0.0000
0.5575 0.6649 7.8710 -71.7550 0.0000 0.0000
0.5575 0.5571 12.1170 -59.0773 0.0000 0.0000
0.5575 0.4413 17.7330 -39.0322 0.0000 0.0000
0.5575 0.3299 24.2310 -36.6976 0.0000 0.0000
0.5575 0.2175 31.5280 -35.2268 0.0000 0.0000
0.5575 0.1052 39.4940 -35.0086 0.0000 0.0000
0.5575 0.0016 47.2640 -38.2191 0.0000 0.0000
0.1093 0.1676 37.6230 -36.5417 0.0000 0.0000
0.2253 0.1676 36.9290 -35.4174 0.0000 0.0000
0.0004 0.1676 38.3500 -37.1146 0.0000 0.0000
0.3308 0.0524 44.9430 -33.3120 0.0000 0.0000
0.2302 0.0524 45.6650 -33.9753 0.0000 0.0000
0.1137 0.0524 46.5680 -35.0922 0.0000 0.0000
0.0005 0.0524 47.4380 -35.1015 0.0000 0.0000
0.4415 0.0524 44.1670 -34.0541 0.0000 0.0000
0.5511 0.0524 43.4070 -36.5022 0.0000 0.0000
0.5538 0.1715 34.7400 -34.7604 0.0000 0.0000
0.3382 0.2795 28.5790 -34.6818 0.0000 0.0000
0.2302 0.2795 29.1950 -36.0092 0.0000 0.0000
0.0006 0.2788 30.2410 -34.6578 0.0000 0.0000
0.1154 0.2788 29.6750 -34.7303 0.0000 0.0000
0.0001 0.3891 23.1840 -32.0947 0.0000 0.0000
  