LENS
{
	LENS_TYPE 	Canon21x7
	CCD_EQUIVALENT	0.666667	inches
	CCD_RATIO	0.750000

	ZOOM_CALIBRATION
	{
		FOV_FORMAT
		{
			Linear_Interpulation
			2:
			0.01  0.99
			0.00  0.00
		}
		OFFSET_FORMAT
		{
			Linear_Interpulation
			2:
			0.01  0.99
			0.00  0.00
		}
	}

	FOCUS_CALIBRATION
	{
		FOV_FORMAT
		{
			Bilinear_Interpulation
			101 11:
#zoom points
			0.990   0.980   0.970   0.961   0.951   0.941   0.931   0.921   0.912   0.902   0.892   0.882   0.872   0.863   0.853   0.843   0.833   0.823   0.814   0.804   0.794   0.784   0.774   0.765   0.755   0.745   0.735   0.725   0.716   0.706   0.696   0.686   0.676   0.667   0.657   0.647   0.637   0.627   0.618   0.608   0.598   0.588   0.578   0.569   0.559   0.549   0.539   0.529   0.520   0.510   0.500   0.490   0.480   0.471   0.461   0.451   0.441   0.431   0.422   0.412   0.402   0.392   0.382   0.373   0.363   0.353   0.343   0.333   0.324   0.314   0.304   0.294   0.284   0.275   0.265   0.255   0.245   0.235   0.226   0.216   0.206   0.196   0.186   0.177   0.167   0.157   0.147   0.137   0.128   0.118   0.108   0.098   0.088   0.079   0.069   0.059   0.049   0.039   0.030   0.020   0.010   
#focus points
			1.000   0.900   0.800   0.700   0.600   0.500   0.400   0.300   0.200   0.100   0.000   
#focus values (distance in milimeters)
			5000  5000  5000  5000  5000  5000  5000  5000  5000  5000  5000  5000  
#data points
			0.021   0.023   0.026   0.031   0.035   0.039   0.044   0.048   0.052   0.057   0.061   
			0.022   0.024   0.028   0.032   0.037   0.041   0.045   0.050   0.054   0.059   0.062   
			0.025   0.027   0.030   0.034   0.039   0.043   0.048   0.052   0.057   0.061   0.065   
			0.027   0.029   0.033   0.037   0.042   0.046   0.051   0.055   0.060   0.064   0.068   
			0.030   0.032   0.036   0.041   0.045   0.050   0.054   0.059   0.063   0.068   0.072   
			0.033   0.035   0.039   0.044   0.049   0.053   0.058   0.062   0.067   0.072   0.076   
			0.036   0.039   0.043   0.048   0.052   0.057   0.061   0.066   0.071   0.075   0.079   
			0.040   0.042   0.047   0.051   0.056   0.061   0.065   0.070   0.075   0.079   0.083   
			0.044   0.046   0.051   0.055   0.060   0.065   0.069   0.074   0.079   0.084   0.088   
			0.048   0.050   0.055   0.059   0.064   0.069   0.074   0.078   0.083   0.088   0.092   
			0.052   0.055   0.059   0.064   0.068   0.073   0.078   0.083   0.088   0.092   0.096   
			0.056   0.059   0.064   0.068   0.073   0.078   0.083   0.088   0.092   0.097   0.101   
			0.061   0.064   0.069   0.073   0.078   0.083   0.088   0.092   0.097   0.102   0.106   
			0.065   0.069   0.073   0.078   0.083   0.088   0.092   0.097   0.102   0.106   0.110   
			0.070   0.074   0.079   0.084   0.088   0.093   0.098   0.102   0.107   0.112   0.116   
			0.076   0.080   0.084   0.089   0.094   0.098   0.103   0.108   0.112   0.117   0.121   
			0.081   0.085   0.090   0.094   0.099   0.104   0.109   0.113   0.118   0.123   0.127   
			0.087   0.091   0.095   0.100   0.105   0.109   0.114   0.119   0.124   0.129   0.133   
			0.093   0.097   0.101   0.106   0.111   0.116   0.121   0.125   0.130   0.135   0.139   
			0.100   0.104   0.108   0.113   0.117   0.122   0.127   0.132   0.136   0.141   0.145   
			0.106   0.110   0.114   0.119   0.124   0.129   0.133   0.138   0.143   0.147   0.151   
			0.113   0.117   0.121   0.126   0.131   0.135   0.140   0.145   0.149   0.154   0.158   
			0.120   0.124   0.129   0.133   0.138   0.143   0.147   0.152   0.156   0.161   0.165   
			0.128   0.131   0.136   0.141   0.145   0.150   0.154   0.159   0.163   0.168   0.172   
			0.136   0.139   0.144   0.148   0.153   0.157   0.162   0.166   0.171   0.175   0.179   
			0.144   0.147   0.151   0.156   0.160   0.164   0.169   0.173   0.178   0.183   0.187   
			0.152   0.155   0.160   0.164   0.168   0.173   0.177   0.182   0.186   0.191   0.195   
			0.160   0.164   0.168   0.172   0.177   0.181   0.186   0.190   0.195   0.199   0.203   
			0.169   0.172   0.177   0.181   0.185   0.189   0.194   0.199   0.203   0.207   0.211   
			0.178   0.181   0.186   0.190   0.194   0.199   0.203   0.207   0.211   0.216   0.219   
			0.187   0.191   0.195   0.199   0.204   0.207   0.212   0.216   0.220   0.224   0.228   
			0.198   0.201   0.205   0.209   0.213   0.217   0.221   0.225   0.229   0.233   0.236   
			0.208   0.211   0.215   0.219   0.222   0.226   0.230   0.234   0.238   0.242   0.245   
			0.218   0.221   0.225   0.228   0.232   0.235   0.239   0.243   0.247   0.251   0.254   
			0.228   0.231   0.234   0.238   0.241   0.245   0.249   0.253   0.256   0.261   0.265   
			0.239   0.241   0.245   0.248   0.252   0.256   0.259   0.263   0.267   0.270   0.274   
			0.249   0.252   0.255   0.258   0.262   0.266   0.269   0.273   0.277   0.280   0.284   
			0.260   0.263   0.266   0.269   0.273   0.276   0.279   0.283   0.287   0.290   0.293   
			0.271   0.274   0.277   0.281   0.284   0.287   0.290   0.294   0.297   0.301   0.304   
			0.284   0.286   0.289   0.292   0.296   0.298   0.302   0.305   0.308   0.312   0.315   
			0.296   0.298   0.300   0.303   0.307   0.309   0.312   0.315   0.319   0.322   0.325   
			0.307   0.310   0.312   0.315   0.318   0.321   0.323   0.326   0.330   0.333   0.336   
			0.320   0.322   0.324   0.327   0.330   0.332   0.335   0.338   0.341   0.344   0.347   
			0.332   0.334   0.337   0.340   0.342   0.344   0.347   0.350   0.352   0.355   0.357   
			0.346   0.348   0.349   0.351   0.354   0.356   0.359   0.361   0.364   0.367   0.369   
			0.358   0.359   0.362   0.364   0.366   0.368   0.370   0.373   0.375   0.377   0.380   
			0.371   0.373   0.374   0.376   0.378   0.380   0.382   0.384   0.386   0.389   0.392   
			0.384   0.386   0.388   0.389   0.390   0.392   0.395   0.397   0.399   0.401   0.403   
			0.397   0.399   0.401   0.402   0.403   0.405   0.407   0.409   0.411   0.413   0.415   
			0.411   0.412   0.413   0.415   0.416   0.418   0.420   0.422   0.424   0.426   0.428   
			0.425   0.426   0.427   0.428   0.430   0.432   0.434   0.435   0.436   0.438   0.440   
			0.440   0.441   0.442   0.443   0.444   0.446   0.447   0.448   0.449   0.451   0.454   
			0.454   0.455   0.455   0.456   0.457   0.458   0.459   0.460   0.462   0.463   0.465   
			0.468   0.469   0.469   0.469   0.469   0.470   0.471   0.473   0.474   0.475   0.476   
			0.481   0.482   0.483   0.483   0.483   0.483   0.484   0.485   0.486   0.487   0.489   
			0.496   0.497   0.497   0.496   0.497   0.497   0.498   0.498   0.499   0.501   0.502   
			0.511   0.510   0.510   0.510   0.511   0.511   0.511   0.512   0.513   0.514   0.515   
			0.526   0.525   0.524   0.524   0.525   0.525   0.525   0.525   0.526   0.527   0.528   
			0.541   0.541   0.540   0.539   0.539   0.539   0.539   0.539   0.540   0.540   0.541   
			0.555   0.556   0.555   0.554   0.553   0.553   0.553   0.553   0.553   0.553   0.554   
			0.570   0.570   0.569   0.568   0.568   0.567   0.567   0.567   0.566   0.566   0.567   
			0.586   0.585   0.583   0.582   0.582   0.582   0.581   0.580   0.579   0.580   0.580   
			0.601   0.600   0.599   0.597   0.596   0.595   0.593   0.593   0.593   0.593   0.593   
			0.616   0.614   0.613   0.611   0.609   0.607   0.607   0.606   0.605   0.605   0.605   
			0.629   0.628   0.626   0.623   0.621   0.620   0.619   0.618   0.618   0.618   0.617   
			0.642   0.641   0.639   0.637   0.635   0.634   0.632   0.632   0.631   0.629   0.630   
			0.657   0.655   0.653   0.652   0.650   0.648   0.647   0.645   0.644   0.643   0.642   
			0.672   0.670   0.667   0.665   0.663   0.661   0.660   0.658   0.657   0.656   0.655   
			0.686   0.683   0.681   0.678   0.676   0.674   0.672   0.670   0.668   0.667   0.667   
			0.698   0.697   0.694   0.691   0.689   0.687   0.685   0.682   0.681   0.679   0.678   
			0.712   0.710   0.708   0.704   0.701   0.698   0.697   0.695   0.693   0.692   0.690   
			0.725   0.722   0.719   0.717   0.714   0.711   0.709   0.707   0.705   0.703   0.701   
			0.740   0.737   0.734   0.730   0.728   0.725   0.722   0.719   0.717   0.715   0.714   
			0.755   0.751   0.748   0.744   0.742   0.739   0.736   0.733   0.730   0.728   0.727   
			0.769   0.766   0.762   0.758   0.755   0.752   0.749   0.745   0.743   0.741   0.739   
			0.783   0.779   0.775   0.772   0.768   0.765   0.762   0.758   0.756   0.754   0.752   
			0.798   0.794   0.790   0.786   0.781   0.777   0.774   0.771   0.768   0.765   0.764   
			0.811   0.807   0.803   0.799   0.795   0.791   0.788   0.784   0.780   0.777   0.775   
			0.827   0.823   0.818   0.813   0.809   0.805   0.801   0.797   0.794   0.790   0.788   
			0.839   0.834   0.830   0.826   0.821   0.817   0.813   0.809   0.805   0.802   0.801   
			0.852   0.848   0.843   0.838   0.833   0.829   0.825   0.821   0.817   0.814   0.811   
			0.865   0.860   0.856   0.850   0.845   0.841   0.837   0.833   0.829   0.826   0.823   
			0.878   0.874   0.869   0.863   0.858   0.853   0.849   0.845   0.841   0.837   0.834   
			0.892   0.887   0.881   0.875   0.870   0.865   0.860   0.856   0.852   0.848   0.845   
			0.905   0.899   0.894   0.888   0.882   0.877   0.872   0.867   0.862   0.859   0.856   
			0.919   0.913   0.906   0.901   0.896   0.890   0.884   0.879   0.875   0.871   0.867   
			0.930   0.925   0.919   0.914   0.908   0.902   0.897   0.892   0.887   0.882   0.878   
			0.941   0.936   0.930   0.924   0.918   0.913   0.908   0.903   0.899   0.893   0.890   
			0.951   0.946   0.940   0.934   0.928   0.923   0.917   0.912   0.908   0.903   0.899   
			0.963   0.958   0.951   0.944   0.938   0.933   0.927   0.922   0.918   0.913   0.909   
			0.977   0.970   0.962   0.955   0.949   0.942   0.937   0.932   0.927   0.922   0.919   
			0.987   0.982   0.975   0.967   0.960   0.953   0.946   0.941   0.936   0.931   0.926   
			0.999   0.994   0.986   0.978   0.971   0.964   0.957   0.951   0.946   0.940   0.935   
			1.008   1.003   0.996   0.988   0.982   0.974   0.968   0.962   0.955   0.949   0.945   
			1.016   1.011   1.004   0.998   0.992   0.985   0.979   0.972   0.966   0.960   0.955   
			1.024   1.018   1.012   1.006   1.000   0.994   0.987   0.981   0.975   0.969   0.965   
			1.031   1.025   1.019   1.013   1.006   1.000   0.995   0.988   0.983   0.977   0.973   
			1.038   1.033   1.027   1.021   1.014   1.008   1.002   0.996   0.990   0.985   0.980   
			1.046   1.040   1.034   1.028   1.021   1.015   1.009   1.004   0.998   0.992   0.988   
			1.054   1.048   1.042   1.036   1.030   1.023   1.017   1.011   1.006   0.999   0.995   
			1.063   1.057   1.050   1.045   1.039   1.031   1.025   1.020   1.014   1.007   1.002   
		}

		OFFSET_FORMAT
		{
			Bilinear_Interpulation
			101 11:
#zoom points
			0.990   0.980   0.970   0.961   0.951   0.941   0.931   0.921   0.912   0.902   0.892   0.882   0.872   0.863   0.853   0.843   0.833   0.823   0.814   0.804   0.794   0.784   0.774   0.765   0.755   0.745   0.735   0.725   0.716   0.706   0.696   0.686   0.676   0.667   0.657   0.647   0.637   0.627   0.618   0.608   0.598   0.588   0.578   0.569   0.559   0.549   0.539   0.529   0.520   0.510   0.500   0.490   0.480   0.471   0.461   0.451   0.441   0.431   0.422   0.412   0.402   0.392   0.382   0.373   0.363   0.353   0.343   0.333   0.324   0.314   0.304   0.294   0.284   0.275   0.265   0.255   0.245   0.235   0.226   0.216   0.206   0.196   0.186   0.177   0.167   0.157   0.147   0.137   0.128   0.118   0.108   0.098   0.088   0.079   0.069   0.059   0.049   0.039   0.030   0.020   0.010   
#focus points
			1.000   0.900   0.800   0.700   0.600   0.500   0.400   0.300   0.200   0.100   0.000   
			5000  5000  5000  5000  5000  5000  5000  5000  5000  5000  5000  5000  
#data points
			-0.999   -0.971   -0.868   -0.702   -0.572   -0.474   -0.379   -0.311   -0.270   -0.223   -0.183   
			-0.944   -0.916   -0.817   -0.668   -0.544   -0.447   -0.360   -0.299   -0.256   -0.209   -0.172   
			-0.866   -0.838   -0.743   -0.613   -0.499   -0.409   -0.334   -0.280   -0.235   -0.190   -0.156   
			-0.786   -0.758   -0.664   -0.551   -0.450   -0.369   -0.306   -0.256   -0.211   -0.169   -0.137   
			-0.713   -0.684   -0.586   -0.484   -0.396   -0.329   -0.275   -0.228   -0.185   -0.146   -0.118   
			-0.641   -0.611   -0.516   -0.425   -0.350   -0.293   -0.245   -0.200   -0.160   -0.124   -0.098   
			-0.566   -0.539   -0.454   -0.374   -0.310   -0.259   -0.214   -0.172   -0.136   -0.104   -0.079   
			-0.491   -0.466   -0.393   -0.328   -0.273   -0.225   -0.182   -0.145   -0.113   -0.084   -0.061   
			-0.420   -0.398   -0.340   -0.283   -0.235   -0.191   -0.153   -0.119   -0.091   -0.064   -0.044   
			-0.362   -0.342   -0.293   -0.243   -0.198   -0.159   -0.125   -0.096   -0.070   -0.047   -0.030   
			-0.312   -0.292   -0.249   -0.204   -0.163   -0.128   -0.099   -0.074   -0.052   -0.032   -0.017   
			-0.268   -0.247   -0.205   -0.165   -0.129   -0.099   -0.074   -0.053   -0.035   -0.017   -0.005   
			-0.226   -0.202   -0.164   -0.130   -0.099   -0.073   -0.052   -0.034   -0.019   -0.004    0.007   
			-0.187   -0.162   -0.129   -0.100   -0.074   -0.052   -0.034   -0.018   -0.005    0.009    0.020   
			-0.149   -0.123   -0.095   -0.071   -0.050   -0.032   -0.016   -0.002    0.011    0.024    0.035   
			-0.111   -0.089   -0.066   -0.046   -0.028   -0.014    0.001    0.014    0.027    0.039    0.049   
			-0.078   -0.059   -0.042   -0.026   -0.010    0.003    0.017    0.031    0.042    0.054    0.063   
			-0.050   -0.035   -0.021   -0.007    0.008    0.021    0.034    0.047    0.057    0.068    0.075   
			-0.025   -0.013   -0.001    0.012    0.026    0.039    0.051    0.062    0.072    0.081    0.087   
			-0.003    0.008    0.020    0.032    0.045    0.057    0.068    0.078    0.086    0.093    0.098   
			 0.017    0.027    0.039    0.051    0.062    0.073    0.083    0.091    0.097    0.103    0.106   
			 0.038    0.048    0.058    0.069    0.079    0.089    0.096    0.102    0.107    0.111    0.114   
			 0.060    0.067    0.077    0.087    0.095    0.102    0.108    0.112    0.116    0.120    0.124   
			 0.081    0.087    0.095    0.102    0.109    0.114    0.118    0.121    0.125    0.130    0.134   
			 0.099    0.104    0.110    0.115    0.119    0.123    0.128    0.131    0.136    0.140    0.144   
			 0.114    0.118    0.122    0.126    0.129    0.133    0.137    0.142    0.146    0.151    0.154   
			 0.127    0.130    0.133    0.136    0.140    0.144    0.149    0.153    0.157    0.161    0.164   
			 0.138    0.141    0.144    0.147    0.152    0.156    0.160    0.164    0.167    0.170    0.173   
			 0.149    0.152    0.156    0.160    0.163    0.167    0.170    0.174    0.176    0.179    0.181   
			 0.161    0.165    0.168    0.172    0.175    0.178    0.180    0.183    0.185    0.186    0.187   
			 0.174    0.177    0.180    0.183    0.186    0.188    0.189    0.191    0.191    0.191    0.191   
			 0.187    0.189    0.191    0.194    0.195    0.196    0.196    0.196    0.196    0.195    0.195   
			 0.199    0.200    0.201    0.203    0.203    0.202    0.201    0.200    0.200    0.199    0.199   
			 0.208    0.208    0.209    0.209    0.208    0.207    0.205    0.204    0.204    0.204    0.205   
			 0.216    0.215    0.214    0.213    0.212    0.211    0.210    0.210    0.210    0.211    0.212   
			 0.221    0.219    0.218    0.217    0.217    0.216    0.216    0.216    0.217    0.218    0.218   
			 0.225    0.224    0.223    0.223    0.223    0.223    0.223    0.223    0.224    0.224    0.224   
			 0.231    0.230    0.230    0.230    0.230    0.230    0.230    0.230    0.230    0.229    0.229   
			 0.238    0.238    0.237    0.237    0.237    0.236    0.236    0.235    0.234    0.234    0.233   
			 0.245    0.245    0.244    0.243    0.243    0.242    0.241    0.239    0.239    0.238    0.238   
			 0.252    0.251    0.249    0.248    0.247    0.246    0.245    0.244    0.244    0.243    0.243   
			 0.257    0.256    0.254    0.253    0.252    0.251    0.250    0.249    0.249    0.248    0.247   
			 0.262    0.261    0.259    0.258    0.257    0.256    0.255    0.254    0.253    0.252    0.251   
			 0.267    0.266    0.265    0.264    0.263    0.261    0.260    0.258    0.256    0.254    0.252   
			 0.272    0.272    0.270    0.268    0.267    0.265    0.263    0.260    0.258    0.255    0.253   
			 0.277    0.275    0.273    0.271    0.269    0.267    0.264    0.262    0.259    0.257    0.255   
			 0.279    0.277    0.275    0.272    0.270    0.268    0.265    0.263    0.261    0.259    0.258   
			 0.280    0.278    0.276    0.274    0.272    0.269    0.268    0.266    0.264    0.263    0.262   
			 0.281    0.280    0.278    0.276    0.274    0.273    0.271    0.270    0.269    0.268    0.267   
			 0.284    0.283    0.281    0.280    0.278    0.277    0.276    0.274    0.273    0.272    0.271   
			 0.288    0.287    0.285    0.284    0.283    0.281    0.280    0.278    0.277    0.275    0.274   
			 0.293    0.292    0.290    0.288    0.287    0.285    0.283    0.281    0.279    0.277    0.276   
			 0.296    0.295    0.293    0.291    0.289    0.286    0.284    0.282    0.280    0.277    0.276   
			 0.298    0.296    0.294    0.292    0.289    0.287    0.284    0.282    0.280    0.277    0.276   
			 0.298    0.297    0.294    0.292    0.289    0.287    0.285    0.283    0.281    0.278    0.277   
			 0.298    0.297    0.295    0.292    0.290    0.288    0.287    0.285    0.283    0.281    0.280   
			 0.300    0.298    0.296    0.294    0.292    0.291    0.289    0.287    0.285    0.284    0.282   
			 0.302    0.301    0.299    0.297    0.295    0.293    0.291    0.290    0.288    0.286    0.284   
			 0.305    0.303    0.301    0.299    0.297    0.295    0.294    0.292    0.290    0.288    0.287   
			 0.307    0.305    0.303    0.301    0.299    0.298    0.296    0.294    0.292    0.290    0.289   
			 0.309    0.308    0.306    0.304    0.302    0.300    0.299    0.297    0.295    0.293    0.292   
			 0.311    0.310    0.308    0.306    0.304    0.302    0.300    0.298    0.296    0.295    0.293   
			 0.312    0.311    0.309    0.307    0.305    0.303    0.300    0.298    0.296    0.294    0.292   
			 0.312    0.311    0.309    0.306    0.304    0.302    0.300    0.297    0.295    0.293    0.291   
			 0.311    0.310    0.308    0.306    0.303    0.302    0.299    0.297    0.295    0.293    0.291   
			 0.311    0.310    0.308    0.306    0.304    0.302    0.300    0.298    0.296    0.294    0.293   
			 0.312    0.311    0.309    0.307    0.305    0.304    0.302    0.300    0.298    0.296    0.295   
			 0.313    0.311    0.310    0.308    0.306    0.305    0.303    0.301    0.299    0.297    0.296   
			 0.312    0.311    0.309    0.308    0.306    0.304    0.303    0.301    0.299    0.297    0.295   
			 0.310    0.309    0.308    0.307    0.304    0.303    0.301    0.299    0.297    0.295    0.294   
			 0.309    0.308    0.307    0.306    0.303    0.302    0.300    0.298    0.296    0.294    0.293   
			 0.309    0.308    0.307    0.305    0.303    0.301    0.300    0.298    0.296    0.294    0.293   
			 0.311    0.310    0.308    0.306    0.304    0.302    0.301    0.299    0.297    0.295    0.293   
			 0.313    0.312    0.309    0.308    0.306    0.304    0.302    0.300    0.298    0.296    0.295   
			 0.315    0.313    0.311    0.309    0.308    0.306    0.304    0.302    0.300    0.298    0.297   
			 0.317    0.315    0.313    0.311    0.309    0.307    0.306    0.304    0.302    0.300    0.299   
			 0.320    0.318    0.316    0.314    0.312    0.310    0.308    0.306    0.304    0.302    0.301   
			 0.324    0.322    0.320    0.317    0.315    0.313    0.311    0.309    0.307    0.305    0.303   
			 0.328    0.326    0.324    0.321    0.319    0.317    0.314    0.312    0.310    0.308    0.306   
			 0.329    0.328    0.326    0.324    0.322    0.320    0.317    0.315    0.312    0.310    0.308   
			 0.330    0.329    0.327    0.325    0.323    0.321    0.319    0.317    0.315    0.313    0.310   
			 0.331    0.329    0.328    0.326    0.324    0.322    0.320    0.318    0.316    0.314    0.312   
			 0.333    0.331    0.329    0.327    0.325    0.323    0.321    0.319    0.317    0.315    0.313   
			 0.338    0.336    0.332    0.329    0.327    0.324    0.322    0.320    0.318    0.316    0.314   
			 0.344    0.341    0.338    0.334    0.331    0.328    0.325    0.322    0.320    0.318    0.317   
			 0.347    0.345    0.342    0.340    0.336    0.333    0.330    0.327    0.324    0.322    0.320   
			 0.347    0.346    0.345    0.343    0.340    0.337    0.334    0.332    0.329    0.326    0.325   
			 0.346    0.346    0.345    0.343    0.341    0.339    0.336    0.335    0.332    0.329    0.328   
			 0.346    0.345    0.344    0.342    0.340    0.338    0.337    0.335    0.333    0.331    0.329   
			 0.348    0.347    0.344    0.341    0.339    0.337    0.336    0.334    0.333    0.331    0.329   
			 0.354    0.352    0.347    0.343    0.340    0.337    0.335    0.334    0.332    0.330    0.328   
			 0.359    0.358    0.353    0.348    0.343    0.339    0.336    0.334    0.332    0.330    0.327   
			 0.361    0.361    0.358    0.353    0.349    0.344    0.340    0.337    0.334    0.331    0.328   
			 0.360    0.360    0.359    0.356    0.354    0.349    0.345    0.342    0.338    0.334    0.331   
			 0.356    0.357    0.358    0.356    0.355    0.352    0.350    0.346    0.342    0.339    0.336   
			 0.353    0.354    0.355    0.355    0.354    0.352    0.351    0.348    0.345    0.342    0.340   
			 0.350    0.350    0.352    0.352    0.351    0.350    0.349    0.347    0.345    0.343    0.342   
			 0.346    0.347    0.348    0.349    0.348    0.347    0.346    0.345    0.343    0.342    0.342   
			 0.343    0.343    0.345    0.346    0.345    0.344    0.344    0.343    0.341    0.341    0.340   
			 0.341    0.341    0.341    0.342    0.342    0.341    0.341    0.341    0.340    0.339    0.340   
			 0.339    0.339    0.338    0.339    0.340    0.339    0.339    0.340    0.339    0.339    0.340   
		}
	}
}
