 newLensFormat14
fullLensType Canon55x
disToTarget 100.000000
focusPointes 3
zoomPointes 11
lensWideVal 9.500000
lensFactorVal 55.000000
numberOfPointes 127 4 
0 0 48.9276 -18.3679 0.0000 0.0000
0 0.05 44.3296 -21.4723 0.0000 0.0000
0 0.1 39.8567 -23.6919 0.0000 0.0000
0 0.15 35.6124 -22.827 0.0000 0.0000
0 0.2 31.6133 -18.8572 0.0000 0.0000
0 0.25 27.8521 -14.1429 0.0000 0.0000
0 0.3 24.3137 -9.91037 0.0000 0.0000
0 0.35 20.9911 -6.36669 0.0000 0.0000
0 0.4 17.9168 -3.21894 0.0000 0.0000
0 0.45 15.1248 0.474196 0.0000 0.0000
0 0.5 12.6131 5.40803 0.0000 0.0000
0 0.55 10.3735 12.0481 0.0000 0.0000
0 0.6 8.41051 20.5981 0.0000 0.0000
0 0.65 6.72568 30.7033 0.0000 0.0000
0 0.7 5.29689 42.9033 0.0000 0.0000
0 0.75 4.09841 58.7642 0.0000 0.0000
0 0.8 3.1152 81.7009 0.0000 0.0000
0 0.85 2.33614 113.526 0.0000 0.0000
0 0.9 1.75541 160.784 0.0000 0.0000
0 0.95 1.35352 217.067 0.0000 0.0000
0 1 1.04895 285.525 0.0000 0.0000
0.1 0 48.1551 -18.8919 0.0000 0.0000
0.1 0.05 43.5618 -21.9513 0.0000 0.0000
0.1 0.1 39.1013 -23.8235 0.0000 0.0000
0.1 0.15 34.883 -22.2958 0.0000 0.0000
0.1 0.2 30.9202 -17.9949 0.0000 0.0000
0.1 0.25 27.2019 -13.3409 0.0000 0.0000
0.1 0.3 23.7173 -9.23926 0.0000 0.0000
0.1 0.35 20.4606 -5.83262 0.0000 0.0000
0.1 0.4 17.4463 -2.68574 0.0000 0.0000
0.1 0.45 14.6921 1.19025 0.0000 0.0000
0.1 0.5 12.2089 6.41674 0.0000 0.0000
0.1 0.55 10.0037 13.4333 0.0000 0.0000
0.1 0.6 8.07537 22.3762 0.0000 0.0000
0.1 0.65 6.41766 32.9605 0.0000 0.0000
0.1 0.7 5.01305 46.0254 0.0000 0.0000
0.1 0.75 3.841 63.5384 0.0000 0.0000
0.1 0.8 2.88099 89.5592 0.0000 0.0000
0.1 0.85 2.11562 127.605 0.0000 0.0000
0.1 0.9 1.54032 188.181 0.0000 0.0000
0.1 0.95 1.13837 259.729 0.0000 0.0000
0.1 1 0.830818 385.979 0.0000 0.0000
0.2 0 47.2902 -19.4854 0.0000 0.0000
0.2 0.05 42.7733 -22.4169 0.0000 0.0000
0.2 0.1 38.3919 -23.8409 0.0000 0.0000
0.2 0.15 34.2534 -21.7564 0.0000 0.0000
0.2 0.2 30.349 -17.2747 0.0000 0.0000
0.2 0.25 26.6517 -12.669 0.0000 0.0000
0.2 0.3 23.178 -8.64652 0.0000 0.0000
0.2 0.35 19.9511 -5.32247 0.0000 0.0000
0.2 0.4 16.9764 -2.12392 0.0000 0.0000
0.2 0.45 14.2567 1.96004 0.0000 0.0000
0.2 0.5 11.8036 7.50368 0.0000 0.0000
0.2 0.55 9.62789 14.9422 0.0000 0.0000
0.2 0.6 7.72873 24.3226 0.0000 0.0000
0.2 0.65 6.09986 35.4737 0.0000 0.0000
0.2 0.7 4.72406 49.5393 0.0000 0.0000
0.2 0.75 3.58021 69.1651 0.0000 0.0000
0.2 0.8 2.64274 98.846 0.0000 0.0000
0.2 0.85 1.88997 146.644 0.0000 0.0000
0.2 0.9 1.32147 222.522 0.0000 0.0000
0.2 0.95 0.92607 334.657 0.0000 0.0000
0.2 1 0.625682 521.218 0.0000 0.0000
0.3 0 46.4671 -20.0504 0.0000 0.0000
0.3 0.05 42.0163 -22.8317 0.0000 0.0000
0.3 0.1 37.6913 -23.7452 0.0000 0.0000
0.3 0.15 33.5937 -21.1162 0.0000 0.0000
0.3 0.2 29.7241 -16.4861 0.0000 0.0000
0.3 0.25 26.065 -11.9606 0.0000 0.0000
0.3 0.3 22.6313 -8.06 0.0000 0.0000
0.3 0.35 19.4424 -4.81309 0.0000 0.0000
0.3 0.4 16.5019 -1.5213 0.0000 0.0000
0.3 0.45 13.8127 2.80054 0.0000 0.0000
0.3 0.5 11.3909 8.69483 0.0000 0.0000
0.3 0.55 9.25126 16.5629 0.0000 0.0000
0.3 0.6 7.38816 26.3483 0.0000 0.0000
0.3 0.65 5.79016 38.1296 0.0000 0.0000
0.3 0.7 4.44198 53.3595 0.0000 0.0000
0.3 0.75 3.32469 75.6005 0.0000 0.0000
0.3 0.8 2.40838 109.657 0.0000 0.0000
0.3 0.85 1.66883 171.084 0.0000 0.0000
0.3 0.9 1.11607 265.529 0.0000 0.0000
0.3 0.95 0.748992 437.28 0.0000 0.0000
0.3 1 0.484928 616.681 0.0000 0.0000
0.4 0 45.6211 -20.6245 0.0000 0.0000
0.4 0.05 41.2427 -23.2063 0.0000 0.0000
0.4 0.1 36.9802 -23.535 0.0000 0.0000
0.4 0.15 32.9291 -20.4055 0.0000 0.0000
0.4 0.2 29.101 -15.7021 0.0000 0.0000
0.4 0.25 25.4898 -11.2757 0.0000 0.0000
0.4 0.3 22.1002 -7.50235 0.0000 0.0000
0.4 0.35 18.9412 -4.30511 0.0000 0.0000
0.4 0.4 16.0271 -0.877794 0.0000 0.0000
0.4 0.45 13.3724 3.69621 0.0000 0.0000
0.4 0.5 10.9876 9.9491 0.0000 0.0000
0.4 0.55 8.87996 18.2719 0.0000 0.0000
0.4 0.6 7.04621 28.5191 0.0000 0.0000
0.4 0.65 5.47784 41.0639 0.0000 0.0000
0.4 0.7 4.15558 57.7951 0.0000 0.0000
0.4 0.75 3.05726 83.5368 0.0000 0.0000
0.4 0.8 2.16038 124.43 0.0000 0.0000
0.4 0.85 1.44816 201.821 0.0000 0.0000
0.4 0.9 0.928002 333.735 0.0000 0.0000
0.4 0.95 0.594879 542.55 0.0000 0.0000
0.4 1 0.366769 687.358 0.0000 0.0000
0.5 0 44.7962 -21.1713 0.0000 0.0000
0.5 0.05 40.4724 -23.5106 0.0000 0.0000
0.5 0.1 36.2673 -23.2143 0.0000 0.0000
0.5 0.15 32.2765 -19.6566 0.0000 0.0000
0.5 0.2 28.5041 -14.9543 0.0000 0.0000
0.5 0.25 24.9359 -10.6262 0.0000 0.0000
0.5 0.3 21.5772 -6.96279 0.0000 0.0000
0.5 0.35 18.4413 -3.78547 0.0000 0.0000
0.5 0.4 15.5521 -0.188524 0.0000 0.0000
0.5 0.45 12.9317 4.66218 0.0000 0.0000
0.5 0.5 10.5843 11.3003 0.0000 0.0000
0.5 0.55 8.50973 20.0906 0.0000 0.0000
0.5 0.6 6.70697 30.8359 0.0000 0.0000
0.5 0.65 5.17024 44.2588 0.0000 0.0000
0.5 0.7 3.87395 62.8869 0.0000 0.0000
0.5 0.75 2.79487 92.7565 0.0000 0.0000
0.5 0.8 1.93975 141.969 0.0000 0.0000
0.5 0.85 1.30146 226.008 0.0000 0.0000
0.5 0.9 0.803859 414.788 0.0000 0.0000
0.5 0.95 0.47808 733.874 0.0000 0.0000
0.5 1 0.28 447.687 0.0000 0.0000
1 0 35.7962 -21.1713 0.0000 0.0000
