newLensFormat14
fullLensType digiTV_canon55
disToTarget 241.000000
focusPointes 5
zoomPointes 8
lensWideVal 8.700000
lensFactorVal 19.000000
numberOfPointes 44 4
0 0 31.4541 0.0000 0.0000 0.0000
0 0.108192 25.0525 0.0000 0.0000 0.0000
0 0.199178 20.2411 0.0000 0.0000 0.0000
0 0.301464 15.5311 0.0000 0.0000 0.0000
0 0.401438 11.543 0.0000 0.0000 0.0000
0 0.50255 8.31232 0.0000 0.0000 0.0000
0 0.602597 5.74513 0.0000 0.0000 0.0000
0 0.701288 3.888 0.0000 0.0000 0.0000
0 0.799097 2.50219 0.0000 0.0000 0.0000
0 0.902337 1.48379 0.0000 0.0000 0.0000
0 1 0.951288 0.0000 0.0000 0.0000
0.0559105 0 31.1405 0.0000 0.0000 0.0000
0.0559105 0.0997542 25.3245 0.0000 0.0000 0.0000
0.0559105 0.200756 20.0479 0.0000 0.0000 0.0000
0.0559105 0.305316 15.2102 0.0000 0.0000 0.0000
0.0559105 0.406428 11.1687 0.0000 0.0000 0.0000
0.0559105 0.500495 8.19681 0.0000 0.0000 0.0000
0.0559105 0.604395 5.56391 0.0000 0.0000 0.0000
0.0559105 0.800161 2.36611 0.0000 0.0000 0.0000
0.0559105 0.90674 1.41488 0.0000 0.0000 0.0000
0.0559105 1 0.92957 0.0000 0.0000 0.0000
0.104153 0 30.8498 0.0000 0.0000 0.0000
0.104153 0.101955 25.0194 0.0000 0.0000 0.0000
0.104153 0.202443 19.6793 0.0000 0.0000 0.0000
0.104153 0.299263 15.2214 0.0000 0.0000 0.0000
0.104153 0.399017 11.2069 0.0000 0.0000 0.0000
0.104153 0.499505 8.07123 0.0000 0.0000 0.0000
0.104153 0.604689 5.42267 0.0000 0.0000 0.0000
0.104153 0.701324 3.60233 0.0000 0.0000 0.0000
0.104153 0.799538 2.274 0.0000 0.0000 0.0000
0.104153 0.903511 1.32266 0.0000 0.0000 0.0000
0.104153 1 0.8266 0.0000 0.0000 0.0000
0.639936 0 27.9746 0.0000 0.0000 0.0000
0.639936 0.100525 22.4146 0.0000 0.0000 0.0000
0.639936 0.20259 17.3063 0.0000 0.0000 0.0000
0.639936 0.3004 13.0109 0.0000 0.0000 0.0000
0.639936 0.402465 9.19038 0.0000 0.0000 0.0000
0.639936 0.50343 6.26596 0.0000 0.0000 0.0000
1.00208 0 26.0968 0.0000 0.0000 0.0000
1.00208 0.100855 20.5741 0.0000 0.0000 0.0000
1.00208 0.199325 15.8075 0.0000 0.0000 0.0000
1.00208 0.302491 11.4192 0.0000 0.0000 0.0000
1.00208 0.401365 7.98953 0.0000 0.0000 0.0000
1.00208 0.501046 5.15471 0.0000 0.0000 0.0000
