LENS
{
	LENS_TYPE 	FujinonA15x8_z_f_DMC
	CCD_EQUIVALENT	0.666667	inches
	CCD_RATIO	0.750000

	ZOOM_CALIBRATION
	{
		FOV_FORMAT
		{
			Linear_Interpulation
			2:
			0.01  0.99
			0.00  0.00
		}
		OFFSET_FORMAT
		{
			Linear_Interpulation
			2:
			0.01  0.99
			0.00  0.00
		}
	}

	FOCUS_CALIBRATION
	{
		FOV_FORMAT
		{
			Bilinear_Interpulation
			101 11:
#zoom points
			0.990   0.980   0.970   0.961   0.951   0.941   0.931   0.921   0.912   0.902   0.892   0.882   0.872   0.863   0.853   0.843   0.833   0.823   0.814   0.804   0.794   0.784   0.774   0.765   0.755   0.745   0.735   0.725   0.716   0.706   0.696   0.686   0.676   0.667   0.657   0.647   0.637   0.627   0.618   0.608   0.598   0.588   0.578   0.569   0.559   0.549   0.539   0.529   0.520   0.510   0.500   0.490   0.480   0.471   0.461   0.451   0.441   0.431   0.422   0.412   0.402   0.392   0.382   0.373   0.363   0.353   0.343   0.333   0.324   0.314   0.304   0.294   0.284   0.275   0.265   0.255   0.245   0.235   0.226   0.216   0.206   0.196   0.186   0.177   0.167   0.157   0.147   0.137   0.128   0.118   0.108   0.098   0.088   0.079   0.069   0.059   0.049   0.039   0.030   0.020   0.010   
#focus points
			1.000   0.900   0.800   0.700   0.600   0.500   0.400   0.300   0.200   0.100   0.000   
#focus values (distance in milimeters)
			5000  5000  5000  5000  5000  5000  5000  5000  5000  5000  5000  5000  
#data points
			0.029   0.033   0.037   0.042   0.046   0.050   0.054   0.059   0.063   0.068   0.072   
			0.031   0.034   0.039   0.043   0.047   0.052   0.056   0.060   0.065   0.070   0.074   
			0.032   0.036   0.040   0.045   0.049   0.053   0.057   0.062   0.067   0.072   0.076   
			0.034   0.038   0.042   0.046   0.051   0.055   0.059   0.064   0.069   0.074   0.078   
			0.036   0.039   0.044   0.048   0.052   0.057   0.061   0.066   0.071   0.076   0.080   
			0.038   0.041   0.046   0.050   0.054   0.059   0.064   0.069   0.074   0.079   0.083   
			0.039   0.043   0.047   0.052   0.056   0.061   0.066   0.071   0.076   0.081   0.085   
			0.042   0.045   0.050   0.054   0.058   0.063   0.068   0.074   0.079   0.084   0.088   
			0.044   0.047   0.052   0.056   0.061   0.066   0.071   0.076   0.082   0.087   0.091   
			0.046   0.050   0.054   0.058   0.063   0.068   0.074   0.079   0.084   0.090   0.094   
			0.048   0.052   0.056   0.061   0.066   0.071   0.077   0.082   0.087   0.093   0.097   
			0.051   0.054   0.059   0.063   0.068   0.074   0.079   0.085   0.090   0.096   0.100   
			0.053   0.056   0.061   0.066   0.071   0.077   0.082   0.088   0.093   0.099   0.103   
			0.055   0.059   0.064   0.069   0.074   0.080   0.086   0.091   0.097   0.102   0.107   
			0.058   0.061   0.067   0.072   0.078   0.083   0.089   0.095   0.100   0.106   0.111   
			0.060   0.064   0.070   0.075   0.081   0.087   0.092   0.098   0.104   0.110   0.114   
			0.063   0.067   0.073   0.079   0.084   0.090   0.096   0.102   0.108   0.113   0.118   
			0.066   0.070   0.076   0.082   0.088   0.094   0.100   0.105   0.111   0.117   0.122   
			0.069   0.074   0.080   0.086   0.092   0.098   0.103   0.109   0.115   0.121   0.126   
			0.073   0.077   0.084   0.090   0.095   0.102   0.107   0.113   0.119   0.125   0.130   
			0.076   0.081   0.087   0.093   0.099   0.105   0.111   0.118   0.124   0.130   0.134   
			0.080   0.085   0.091   0.098   0.104   0.110   0.116   0.122   0.128   0.134   0.139   
			0.084   0.089   0.095   0.102   0.108   0.114   0.120   0.126   0.133   0.139   0.144   
			0.088   0.093   0.100   0.106   0.112   0.119   0.125   0.131   0.137   0.143   0.149   
			0.093   0.098   0.104   0.111   0.117   0.123   0.129   0.136   0.142   0.148   0.154   
			0.097   0.102   0.109   0.115   0.122   0.128   0.134   0.141   0.147   0.154   0.159   
			0.102   0.107   0.114   0.120   0.127   0.133   0.140   0.146   0.153   0.159   0.164   
			0.107   0.112   0.119   0.125   0.132   0.138   0.145   0.151   0.158   0.164   0.170   
			0.112   0.117   0.124   0.131   0.137   0.144   0.150   0.157   0.164   0.170   0.176   
			0.117   0.123   0.129   0.136   0.143   0.149   0.156   0.163   0.170   0.176   0.182   
			0.122   0.128   0.135   0.141   0.148   0.155   0.161   0.168   0.175   0.182   0.187   
			0.128   0.134   0.141   0.147   0.154   0.161   0.168   0.175   0.182   0.188   0.194   
			0.134   0.140   0.146   0.153   0.160   0.167   0.174   0.181   0.188   0.195   0.200   
			0.140   0.145   0.153   0.159   0.166   0.173   0.180   0.187   0.195   0.201   0.207   
			0.146   0.152   0.159   0.166   0.173   0.180   0.187   0.194   0.202   0.208   0.214   
			0.152   0.158   0.165   0.173   0.180   0.187   0.194   0.201   0.209   0.216   0.222   
			0.159   0.165   0.172   0.180   0.187   0.194   0.201   0.209   0.216   0.223   0.229   
			0.166   0.172   0.179   0.187   0.194   0.202   0.209   0.216   0.223   0.231   0.237   
			0.173   0.179   0.187   0.194   0.201   0.209   0.216   0.224   0.231   0.239   0.245   
			0.181   0.187   0.194   0.202   0.209   0.217   0.224   0.232   0.239   0.247   0.253   
			0.188   0.194   0.202   0.210   0.217   0.225   0.232   0.239   0.247   0.255   0.261   
			0.195   0.202   0.210   0.217   0.225   0.233   0.240   0.248   0.256   0.263   0.270   
			0.204   0.210   0.218   0.226   0.234   0.241   0.249   0.257   0.265   0.272   0.279   
			0.212   0.218   0.226   0.234   0.242   0.250   0.257   0.265   0.273   0.281   0.288   
			0.220   0.227   0.235   0.243   0.251   0.259   0.267   0.275   0.283   0.291   0.297   
			0.229   0.235   0.244   0.252   0.260   0.268   0.276   0.284   0.292   0.300   0.306   
			0.237   0.244   0.252   0.260   0.268   0.277   0.284   0.292   0.301   0.309   0.316   
			0.246   0.253   0.261   0.270   0.278   0.286   0.294   0.302   0.311   0.318   0.325   
			0.255   0.262   0.270   0.279   0.287   0.295   0.303   0.311   0.320   0.328   0.335   
			0.264   0.271   0.279   0.288   0.296   0.304   0.312   0.321   0.329   0.338   0.345   
			0.273   0.280   0.288   0.297   0.305   0.314   0.322   0.330   0.339   0.347   0.354   
			0.282   0.289   0.298   0.306   0.315   0.323   0.331   0.340   0.349   0.357   0.364   
			0.291   0.298   0.307   0.316   0.324   0.333   0.341   0.350   0.359   0.367   0.374   
			0.300   0.308   0.317   0.325   0.334   0.343   0.351   0.360   0.369   0.377   0.384   
			0.310   0.317   0.326   0.335   0.344   0.353   0.361   0.370   0.379   0.388   0.395   
			0.320   0.327   0.336   0.345   0.354   0.363   0.371   0.380   0.389   0.398   0.405   
			0.329   0.337   0.346   0.355   0.364   0.373   0.381   0.390   0.399   0.408   0.415   
			0.339   0.347   0.356   0.365   0.374   0.383   0.392   0.401   0.410   0.419   0.426   
			0.349   0.357   0.366   0.375   0.384   0.393   0.402   0.411   0.420   0.429   0.437   
			0.359   0.367   0.376   0.385   0.394   0.403   0.412   0.421   0.431   0.440   0.447   
			0.369   0.377   0.387   0.396   0.405   0.414   0.423   0.432   0.442   0.450   0.458   
			0.379   0.387   0.397   0.406   0.415   0.425   0.433   0.443   0.452   0.461   0.469   
			0.389   0.397   0.407   0.416   0.425   0.435   0.444   0.453   0.463   0.472   0.479   
			0.400   0.408   0.418   0.427   0.436   0.446   0.455   0.464   0.474   0.483   0.490   
			0.410   0.418   0.428   0.438   0.447   0.457   0.465   0.475   0.485   0.494   0.501   
			0.421   0.429   0.439   0.448   0.457   0.467   0.476   0.486   0.496   0.505   0.513   
			0.432   0.440   0.450   0.460   0.469   0.479   0.488   0.497   0.507   0.516   0.524   
			0.442   0.451   0.461   0.470   0.479   0.489   0.499   0.508   0.518   0.528   0.536   
			0.453   0.462   0.472   0.481   0.491   0.501   0.510   0.520   0.530   0.539   0.547   
			0.464   0.473   0.483   0.493   0.502   0.512   0.521   0.531   0.541   0.551   0.559   
			0.475   0.483   0.493   0.503   0.513   0.523   0.532   0.542   0.552   0.562   0.570   
			0.486   0.494   0.505   0.515   0.524   0.534   0.544   0.554   0.564   0.574   0.582   
			0.497   0.505   0.516   0.526   0.536   0.546   0.556   0.565   0.576   0.586   0.594   
			0.508   0.517   0.527   0.537   0.547   0.558   0.568   0.578   0.588   0.598   0.606   
			0.520   0.529   0.539   0.549   0.559   0.570   0.579   0.590   0.600   0.610   0.618   
			0.531   0.540   0.551   0.561   0.571   0.581   0.591   0.601   0.612   0.622   0.630   
			0.543   0.552   0.563   0.573   0.583   0.593   0.604   0.614   0.624   0.634   0.642   
			0.555   0.564   0.575   0.585   0.596   0.606   0.616   0.626   0.636   0.646   0.655   
			0.567   0.575   0.586   0.597   0.607   0.617   0.627   0.638   0.648   0.658   0.667   
			0.579   0.588   0.599   0.609   0.620   0.630   0.640   0.651   0.661   0.671   0.679   
			0.591   0.600   0.611   0.621   0.632   0.642   0.652   0.662   0.673   0.683   0.691   
			0.603   0.612   0.623   0.633   0.644   0.654   0.664   0.675   0.685   0.695   0.703   
			0.615   0.625   0.635   0.646   0.656   0.667   0.677   0.687   0.697   0.708   0.716   
			0.628   0.637   0.647   0.658   0.668   0.679   0.689   0.699   0.710   0.720   0.728   
			0.640   0.649   0.660   0.670   0.681   0.691   0.702   0.712   0.722   0.732   0.741   
			0.652   0.661   0.672   0.683   0.694   0.704   0.714   0.724   0.735   0.745   0.753   
			0.664   0.674   0.685   0.695   0.706   0.716   0.726   0.737   0.747   0.758   0.766   
			0.677   0.687   0.698   0.708   0.719   0.729   0.739   0.750   0.760   0.771   0.779   
			0.689   0.699   0.710   0.720   0.731   0.741   0.751   0.762   0.772   0.783   0.791   
			0.702   0.712   0.723   0.733   0.743   0.754   0.764   0.775   0.785   0.796   0.804   
			0.715   0.724   0.735   0.746   0.756   0.767   0.777   0.787   0.798   0.808   0.816   
			0.727   0.736   0.747   0.758   0.768   0.779   0.789   0.799   0.810   0.820   0.828   
			0.740   0.749   0.760   0.771   0.782   0.792   0.802   0.813   0.823   0.833   0.841   
			0.753   0.762   0.773   0.784   0.794   0.805   0.815   0.825   0.835   0.845   0.853   
			0.765   0.774   0.785   0.796   0.806   0.817   0.827   0.837   0.848   0.857   0.866   
			0.778   0.787   0.799   0.809   0.819   0.830   0.840   0.850   0.860   0.870   0.878   
			0.791   0.800   0.811   0.821   0.832   0.842   0.852   0.862   0.872   0.882   0.890   
			0.804   0.812   0.823   0.833   0.844   0.854   0.864   0.874   0.884   0.894   0.902   
			0.815   0.824   0.834   0.845   0.855   0.865   0.875   0.886   0.896   0.906   0.914   
			0.825   0.833   0.843   0.854   0.864   0.874   0.884   0.895   0.905   0.915   0.923   
			0.832   0.840   0.851   0.861   0.872   0.882   0.892   0.902   0.912   0.923   0.931   
		}

		OFFSET_FORMAT
		{
			Bilinear_Interpulation
			101 11:
#zoom points
			0.990   0.980   0.970   0.961   0.951   0.941   0.931   0.921   0.912   0.902   0.892   0.882   0.872   0.863   0.853   0.843   0.833   0.823   0.814   0.804   0.794   0.784   0.774   0.765   0.755   0.745   0.735   0.725   0.716   0.706   0.696   0.686   0.676   0.667   0.657   0.647   0.637   0.627   0.618   0.608   0.598   0.588   0.578   0.569   0.559   0.549   0.539   0.529   0.520   0.510   0.500   0.490   0.480   0.471   0.461   0.451   0.441   0.431   0.422   0.412   0.402   0.392   0.382   0.373   0.363   0.353   0.343   0.333   0.324   0.314   0.304   0.294   0.284   0.275   0.265   0.255   0.245   0.235   0.226   0.216   0.206   0.196   0.186   0.177   0.167   0.157   0.147   0.137   0.128   0.118   0.108   0.098   0.088   0.079   0.069   0.059   0.049   0.039   0.030   0.020   0.010   
#focus points
			1.000   0.900   0.800   0.700   0.600   0.500   0.400   0.300   0.200   0.100   0.000   
			5000  5000  5000  5000  5000  5000  5000  5000  5000  5000  5000  5000  
#data points
			-0.634   -0.597   -0.551   -0.508   -0.465   -0.416   -0.370   -0.328   -0.289   -0.255   -0.229   
			-0.626   -0.589   -0.542   -0.499   -0.457   -0.407   -0.361   -0.319   -0.280   -0.247   -0.221   
			-0.617   -0.580   -0.533   -0.490   -0.448   -0.398   -0.352   -0.309   -0.269   -0.237   -0.213   
			-0.606   -0.569   -0.523   -0.480   -0.437   -0.387   -0.341   -0.298   -0.259   -0.227   -0.204   
			-0.595   -0.558   -0.511   -0.469   -0.426   -0.376   -0.328   -0.285   -0.247   -0.217   -0.196   
			-0.583   -0.545   -0.499   -0.456   -0.413   -0.362   -0.315   -0.273   -0.236   -0.208   -0.187   
			-0.570   -0.533   -0.486   -0.443   -0.400   -0.348   -0.302   -0.261   -0.226   -0.198   -0.178   
			-0.554   -0.516   -0.470   -0.427   -0.384   -0.333   -0.287   -0.247   -0.214   -0.189   -0.170   
			-0.538   -0.500   -0.454   -0.411   -0.367   -0.317   -0.273   -0.236   -0.204   -0.179   -0.161   
			-0.522   -0.485   -0.438   -0.395   -0.351   -0.301   -0.259   -0.224   -0.194   -0.170   -0.152   
			-0.505   -0.468   -0.421   -0.377   -0.333   -0.285   -0.246   -0.212   -0.184   -0.161   -0.144   
			-0.490   -0.452   -0.405   -0.360   -0.316   -0.270   -0.233   -0.201   -0.174   -0.152   -0.135   
			-0.476   -0.438   -0.390   -0.344   -0.299   -0.255   -0.221   -0.190   -0.164   -0.144   -0.127   
			-0.457   -0.419   -0.370   -0.324   -0.281   -0.240   -0.208   -0.180   -0.155   -0.135   -0.119   
			-0.442   -0.402   -0.351   -0.306   -0.265   -0.227   -0.197   -0.169   -0.146   -0.126   -0.111   
			-0.423   -0.382   -0.331   -0.287   -0.249   -0.213   -0.185   -0.159   -0.136   -0.118   -0.103   
			-0.403   -0.362   -0.311   -0.269   -0.233   -0.199   -0.173   -0.149   -0.127   -0.110   -0.096   
			-0.382   -0.340   -0.292   -0.253   -0.219   -0.187   -0.163   -0.139   -0.119   -0.102   -0.089   
			-0.358   -0.318   -0.272   -0.236   -0.205   -0.175   -0.152   -0.129   -0.110   -0.094   -0.082   
			-0.336   -0.298   -0.255   -0.221   -0.191   -0.163   -0.142   -0.121   -0.102   -0.087   -0.076   
			-0.314   -0.277   -0.238   -0.207   -0.179   -0.153   -0.132   -0.112   -0.094   -0.080   -0.069   
			-0.292   -0.259   -0.221   -0.192   -0.166   -0.141   -0.123   -0.104   -0.086   -0.073   -0.063   
			-0.272   -0.241   -0.205   -0.178   -0.154   -0.131   -0.113   -0.096   -0.079   -0.066   -0.056   
			-0.252   -0.224   -0.190   -0.165   -0.143   -0.121   -0.104   -0.087   -0.071   -0.060   -0.050   
			-0.233   -0.207   -0.176   -0.152   -0.131   -0.111   -0.096   -0.080   -0.064   -0.053   -0.044   
			-0.216   -0.192   -0.163   -0.140   -0.121   -0.102   -0.087   -0.072   -0.057   -0.047   -0.038   
			-0.199   -0.176   -0.149   -0.128   -0.110   -0.092   -0.079   -0.065   -0.050   -0.040   -0.032   
			-0.184   -0.163   -0.138   -0.117   -0.101   -0.084   -0.071   -0.058   -0.044   -0.034   -0.026   
			-0.168   -0.149   -0.126   -0.107   -0.092   -0.076   -0.064   -0.050   -0.037   -0.028   -0.021   
			-0.153   -0.136   -0.114   -0.096   -0.082   -0.067   -0.056   -0.044   -0.031   -0.022   -0.015   
			-0.141   -0.125   -0.104   -0.088   -0.074   -0.059   -0.049   -0.037   -0.025   -0.017   -0.010   
			-0.127   -0.113   -0.094   -0.078   -0.065   -0.051   -0.042   -0.031   -0.019   -0.011   -0.005   
			-0.115   -0.102   -0.084   -0.069   -0.057   -0.044   -0.035   -0.024   -0.013   -0.005    0.000   
			-0.104   -0.092   -0.075   -0.061   -0.049   -0.037   -0.028   -0.018   -0.007    0.000    0.005   
			-0.093   -0.082   -0.065   -0.052   -0.041   -0.029   -0.021   -0.012   -0.002    0.005    0.010   
			-0.083   -0.072   -0.057   -0.044   -0.034   -0.022   -0.015   -0.006    0.004    0.011    0.015   
			-0.073   -0.063   -0.049   -0.037   -0.027   -0.016   -0.008    0.000    0.010    0.016    0.020   
			-0.064   -0.054   -0.040   -0.029   -0.019   -0.009   -0.002    0.006    0.015    0.021    0.025   
			-0.055   -0.046   -0.032   -0.022   -0.013   -0.002    0.004    0.012    0.020    0.026    0.030   
			-0.046   -0.037   -0.024   -0.014   -0.006    0.004    0.010    0.017    0.026    0.031    0.034   
			-0.038   -0.029   -0.017   -0.007    0.000    0.010    0.016    0.022    0.030    0.035    0.039   
			-0.029   -0.021   -0.010   -0.001    0.006    0.015    0.021    0.027    0.035    0.040    0.043   
			-0.021   -0.013   -0.003    0.006    0.013    0.021    0.026    0.032    0.040    0.044    0.047   
			-0.014   -0.007    0.004    0.012    0.018    0.027    0.032    0.037    0.044    0.049    0.051   
			-0.007    0.000    0.010    0.018    0.024    0.032    0.037    0.042    0.049    0.053    0.055   
			 0.000    0.007    0.016    0.024    0.029    0.037    0.041    0.046    0.053    0.057    0.059   
			 0.006    0.013    0.022    0.030    0.034    0.042    0.046    0.051    0.057    0.061    0.062   
			 0.013    0.019    0.028    0.035    0.039    0.047    0.050    0.055    0.061    0.064    0.066   
			 0.019    0.025    0.033    0.040    0.044    0.051    0.054    0.058    0.064    0.068    0.069   
			 0.024    0.030    0.038    0.044    0.048    0.055    0.058    0.062    0.068    0.071    0.073   
			 0.030    0.035    0.043    0.049    0.053    0.059    0.062    0.066    0.071    0.074    0.076   
			 0.034    0.040    0.047    0.053    0.057    0.062    0.065    0.069    0.074    0.077    0.079   
			 0.039    0.045    0.051    0.057    0.060    0.066    0.069    0.073    0.078    0.081    0.082   
			 0.044    0.049    0.055    0.061    0.064    0.070    0.073    0.076    0.081    0.084    0.085   
			 0.048    0.053    0.059    0.065    0.068    0.074    0.076    0.080    0.084    0.087    0.088   
			 0.053    0.057    0.063    0.069    0.072    0.077    0.079    0.083    0.087    0.090    0.091   
			 0.057    0.061    0.067    0.072    0.075    0.080    0.083    0.086    0.090    0.093    0.094   
			 0.061    0.065    0.071    0.076    0.079    0.084    0.086    0.089    0.093    0.095    0.096   
			 0.065    0.069    0.075    0.079    0.082    0.087    0.089    0.092    0.096    0.098    0.099   
			 0.069    0.073    0.079    0.082    0.086    0.090    0.091    0.094    0.098    0.100    0.101   
			 0.072    0.077    0.082    0.086    0.088    0.092    0.094    0.097    0.101    0.102    0.103   
			 0.075    0.080    0.085    0.089    0.091    0.095    0.096    0.099    0.103    0.104    0.105   
			 0.079    0.083    0.088    0.092    0.094    0.097    0.099    0.101    0.105    0.106    0.107   
			 0.082    0.086    0.091    0.094    0.096    0.100    0.101    0.104    0.107    0.108    0.109   
			 0.085    0.089    0.094    0.097    0.099    0.102    0.103    0.106    0.109    0.110    0.110   
			 0.088    0.092    0.097    0.099    0.101    0.104    0.105    0.108    0.111    0.112    0.112   
			 0.091    0.095    0.099    0.102    0.103    0.106    0.107    0.110    0.112    0.114    0.114   
			 0.093    0.097    0.101    0.104    0.105    0.108    0.109    0.111    0.114    0.116    0.116   
			 0.095    0.099    0.104    0.106    0.107    0.110    0.111    0.114    0.116    0.118    0.119   
			 0.098    0.101    0.106    0.108    0.110    0.112    0.114    0.116    0.118    0.120    0.121   
			 0.100    0.103    0.107    0.110    0.111    0.114    0.116    0.118    0.121    0.122    0.123   
			 0.102    0.106    0.109    0.112    0.114    0.116    0.118    0.120    0.123    0.125    0.125   
			 0.104    0.108    0.111    0.114    0.116    0.119    0.120    0.123    0.125    0.127    0.127   
			 0.106    0.110    0.114    0.116    0.118    0.121    0.123    0.125    0.127    0.129    0.129   
			 0.108    0.112    0.116    0.119    0.121    0.124    0.125    0.127    0.130    0.131    0.131   
			 0.111    0.114    0.119    0.121    0.123    0.126    0.127    0.129    0.132    0.133    0.133   
			 0.113    0.117    0.121    0.123    0.126    0.128    0.129    0.131    0.134    0.135    0.135   
			 0.116    0.120    0.124    0.126    0.128    0.130    0.131    0.133    0.136    0.137    0.137   
			 0.119    0.122    0.126    0.128    0.130    0.133    0.133    0.135    0.138    0.138    0.138   
			 0.122    0.125    0.129    0.131    0.133    0.135    0.135    0.137    0.140    0.140    0.140   
			 0.124    0.128    0.131    0.133    0.135    0.137    0.137    0.139    0.141    0.142    0.142   
			 0.127    0.130    0.133    0.135    0.137    0.139    0.139    0.141    0.143    0.144    0.143   
			 0.129    0.133    0.136    0.137    0.139    0.141    0.141    0.143    0.145    0.145    0.145   
			 0.132    0.135    0.138    0.139    0.141    0.143    0.143    0.144    0.146    0.147    0.146   
			 0.134    0.137    0.140    0.141    0.143    0.145    0.145    0.146    0.148    0.148    0.148   
			 0.136    0.139    0.142    0.143    0.145    0.147    0.147    0.148    0.149    0.150    0.149   
			 0.138    0.141    0.144    0.145    0.147    0.148    0.148    0.149    0.151    0.151    0.150   
			 0.140    0.143    0.146    0.147    0.149    0.150    0.150    0.151    0.152    0.153    0.152   
			 0.142    0.145    0.148    0.149    0.150    0.152    0.151    0.152    0.154    0.154    0.153   
			 0.145    0.147    0.150    0.151    0.152    0.153    0.153    0.154    0.155    0.155    0.154   
			 0.146    0.149    0.152    0.152    0.153    0.154    0.154    0.155    0.156    0.156    0.155   
			 0.148    0.151    0.153    0.154    0.155    0.156    0.156    0.156    0.157    0.156    0.155   
			 0.150    0.152    0.155    0.155    0.156    0.157    0.157    0.157    0.157    0.156    0.155   
			 0.152    0.154    0.156    0.157    0.157    0.158    0.158    0.157    0.157    0.156    0.154   
			 0.153    0.155    0.157    0.158    0.158    0.159    0.158    0.157    0.157    0.156    0.154   
			 0.155    0.156    0.158    0.159    0.159    0.159    0.158    0.157    0.156    0.155    0.153   
			 0.156    0.157    0.159    0.159    0.158    0.158    0.157    0.156    0.156    0.154    0.153   
			 0.157    0.158    0.158    0.158    0.157    0.157    0.156    0.156    0.155    0.153    0.152   
			 0.157    0.157    0.157    0.157    0.156    0.156    0.155    0.154    0.153    0.152    0.151   
			 0.157    0.156    0.156    0.155    0.155    0.155    0.154    0.153    0.152    0.151    0.150   
			 0.156    0.155    0.155    0.154    0.154    0.154    0.153    0.152    0.151    0.151    0.150   
		}
	}
}
