 newLensFormat14
fullLensType Canon
disToTarget 0.000000
focusPointes 5
zoomPointes 7
lensWideVal 7.200000
lensFactorVal 21.000000
numberOfPointes 35 4 
0.5065 0.5049 22.5179 0.0000 0.0 0.0 
0.0000 0.5049 23.1797 0.0000 0.0 0.0 
0.9997 0.5049 22.1491 0.0000 0.0 0.0 
0.4894 1.0000 56.5625 0.0000 0.0 0.0 
0.0003 1.0000 54.7218 0.0000 0.0 0.0 
1.0000 1.0000 58.1548 0.0000 0.0 0.0 
0.0003 0.0000 2.9363 0.0000 0.0 0.0 
0.5035 0.0000 3.4029 0.0000 0.0 0.0 
1.0000 0.0000 3.8292 0.0000 0.0 0.0 
0.2404 0.0000 2.7697 0.0000 0.0 0.0 
0.7533 0.0000 3.6159 0.0000 0.0 0.0 
0.0005 0.1706 6.7539 0.0000 0.0 0.0 
0.2378 0.1706 6.1691 0.0000 0.0 0.0 
0.4864 0.1706 5.4899 0.0000 0.0 0.0 
0.7289 0.1706 7.1892 0.0000 0.0 0.0 
0.9998 0.1706 8.4364 0.0000 0.0 0.0 
0.0002 0.3400 13.5452 0.0000 0.0 0.0 
0.2485 0.3400 13.7215 0.0000 0.0 0.0 
0.4944 0.3400 12.4649 0.0000 0.0 0.0 
0.7410 0.3400 13.0431 0.0000 0.0 0.0 
0.9997 0.3400 11.3924 0.0000 0.0 0.0 
0.2478 0.5049 22.8179 0.0000 0.0 0.0 
0.7452 0.5049 22.3884 0.0000 0.0 0.0 
0.0000 0.6749 33.5359 0.0000 0.0 0.0 
0.2541 0.6749 33.6322 0.0000 0.0 0.0 
0.5046 0.6749 35.0907 0.0000 0.0 0.0 
0.7581 0.6749 34.5900 0.0000 0.0 0.0 
0.9997 0.6749 35.6361 0.0000 0.0 0.0 
0.0000 0.8254 44.9931 0.0000 0.0 0.0 
0.2692 0.8254 44.2689 0.0000 0.0 0.0 
0.5043 0.8254 46.0313 0.0000 0.0 0.0 
0.7553 0.8254 46.6277 0.0000 0.0 0.0 
0.9995 0.8254 47.3400 0.0000 0.0 0.0 
0.2508 1.0000 55.3636 0.0000 0.0 0.0 
0.7581 1.0000 58.0108 0.0000 0.0 0.0 
  