 newLensFormat14
fullLensType Canon
disToTarget 0.000000
focusPointes 5
zoomPointes 7
lensWideVal 11.000000
lensFactorVal 33.000000
numberOfPointes 35 4 
0.0002 0.4909 12.3198 0.0000 0.0 0.0 
0.4892 0.4909 11.0535 0.0000 0.0 0.0 
1.0000 0.4909 9.6864 0.0000 0.0 0.0 
0.0001 0.0004 36.4759 0.0000 0.0 0.0 
0.5024 0.0004 34.5572 0.0000 0.0 0.0 
1.0000 0.0004 32.6160 0.0000 0.0 0.0 
0.0002 0.9999 1.1683 0.0000 0.0 0.0 
0.5040 0.9999 1.2033 0.0000 0.0 0.0 
0.9997 0.9999 1.3330 0.0000 0.0 0.0 
0.2560 0.0005 35.4712 0.0000 0.0 0.0 
0.7526 0.0005 33.6084 0.0000 0.0 0.0 
0.0004 0.1625 28.4595 0.0000 0.0 0.0 
0.2517 0.1625 27.4958 0.0000 0.0 0.0 
0.5028 0.1625 26.7423 0.0000 0.0 0.0 
0.7542 0.1625 25.8883 0.0000 0.0 0.0 
0.9996 0.1625 24.9431 0.0000 0.0 0.0 
0.0001 0.3368 19.3898 0.0000 0.0 0.0 
0.2466 0.3368 18.5906 0.0000 0.0 0.0 
0.5114 0.3368 17.8218 0.0000 0.0 0.0 
0.7460 0.3368 17.1242 0.0000 0.0 0.0 
0.9997 0.3368 16.3125 0.0000 0.0 0.0 
0.2568 0.5000 11.3466 0.0000 0.0 0.0 
0.7474 0.5000 10.0852 0.0000 0.0 0.0 
0.0001 0.6623 6.3273 0.0000 0.0 0.0 
0.2516 0.6623 5.8735 0.0000 0.0 0.0 
0.5008 0.6623 5.3188 0.0000 0.0 0.0 
0.7539 0.6623 4.9712 0.0000 0.0 0.0 
0.9994 0.6623 4.2524 0.0000 0.0 0.0 
0.0001 0.8296 2.7676 0.0000 0.0 0.0 
0.2560 0.8296 2.4584 0.0000 0.0 0.0 
0.5022 0.8296 2.0572 0.0000 0.0 0.0 
0.7527 0.8296 1.7478 0.0000 0.0 0.0 
0.9995 0.8296 1.8199 0.0000 0.0 0.0 
0.2525 0.9994 0.8421 0.0000 0.0 0.0 
0.7484 0.9994 1.3700 0.0000 0.0 0.0 
  