0.00024567 0 51.2549 0.0000 0.0000 0.0000
0.0002457 0.100261 41.7234 0.0000 0.0000 0.0000
0.0002457 0.200359 33.061 0.0000 0.0000 0.0000
0.0002457 0.299967 25.5144 0.0000 0.0000 0.0000
0.0002457 0.401045 18.8776 0.0000 0.0000 0.0000
0.0002457 0.5 13.3767 0.0000 0.0000 0.0000
0.0002457 0.600751 8.93718 0.0000 0.0000 0.0000
0.0002457 0.700849 5.61672 0.0000 0.0000 0.0000
0.0002457 0.800294 3.33027 0.0000 0.0000 0.0000
0.0002457 0.900065 1.86348 0.0000 0.0000 0.0000
0.0002457 0.999837 1.09223 0.0000 0.0000 0.0000

0.0312039 0 51.2505 0.0000 0.0000 0.0000
0.0312039 0.100588 41.7504 0.0000 0.0000 0.0000
0.0312039 0.200359 33.0149 0.0000 0.0000 0.0000
0.0312039 0.300457 25.5407 0.0000 0.0000 0.0000
0.0312039 0.400229 18.8841 0.0000 0.0000 0.0000
0.0312039 0.500327 13.3017 0.0000 0.0000 0.0000
0.0312039 0.600425 8.91138 0.0000 0.0000 0.0000
0.0312039 0.700523 5.60099 0.0000 0.0000 0.0000
0.0312039 0.800784 3.28439 0.0000 0.0000 0.0000
0.0312039 0.900229 1.83223 0.0000 0.0000 0.0000
0.0312039 0.999837 1.05457 0.0000 0.0000 0.0000

0.0536855 0 50.7975 0.0000 0.0000 0.0000
0.0536855 0.100751 41.3602 0.0000 0.0000 0.0000
0.0536855 0.200359 32.7809 0.0000 0.0000 0.0000
0.0536855 0.300294 25.2251 0.0000 0.0000 0.0000
0.0536855 0.400718 18.6282 0.0000 0.0000 0.0000
0.0536855 0.5 13.1528 0.0000 0.0000 0.0000
0.0536855 0.600588 8.74848 0.0000 0.0000 0.0000
0.0536855 0.700686 5.47799 0.0000 0.0000 0.0000
0.0539312 0.800784 3.1925 0.0000 0.0000 0.0000
0.0539312 0.900392 1.74442 0.0000 0.0000 0.0000
0.0539312 0.999837 0.962372 0.0000 0.0000 0.0000

0.0884988 0 41.2845 0.0000 0.0000 0.0000
0.0884988 0.0998856 33.7138 0.0000 0.0000 0.0000
0.0884988 0.200262 26.7557 0.0000 0.0000 0.0000
0.0884988 0.299493 20.5936 0.0000 0.0000 0.0000
0.0884988 0.399706 15.1989 0.0000 0.0000 0.0000
0.0896035 0.500899 10.6526 0.0000 0.0000 0.0000
0.0896035 0.602256 7.05429 0.0000 0.0000 0.0000
0.0896035 0.701978 4.41663 0.0000 0.0000 0.0000
0.0896035 0.799738 2.61829 0.0000 0.0000 0.0000
0.0896035 0.903221 1.40847 0.0000 0.0000 0.0000
0.0896035 0.999837 0.788708 0.0000 0.0000 0.0000
