 newLensFormat14
fullLensType FujinonMIC
disToTarget 205.564087
focusPointes 5
zoomPointes 8
lensWideVal 8.700000
lensFactorVal 18.000000
numberOfPointes 44 4 
-0.000145582 0 42.298 0.0000 0.0000 0.0000
-0.000145582 0.100197 34.5629 0.0000 0.0000 0.0000
-0.000145582 0.200746 27.4521 0.0000 0.0000 0.0000
-0.000145582 0.300032 21.1421 0.0000 0.0000 0.0000
-0.000145582 0.400552 15.5957 0.0000 0.0000 0.0000
-0.000145582 0.500455 11.0296 0.0000 0.0000 0.0000
-0.000145582 0.600857 7.37444 0.0000 0.0000 0.0000
-0.000145582 0.700584 4.64627 0.0000 0.0000 0.0000
-0.000145582 0.799607 2.75838 0.0000 0.0000 0.0000
-0.000145582 0.899275 1.55937 0.0000 0.0000 0.0000
-0.000145582 1.00006 0.871563 0.0000 0.0000 0.0000
0.0227107 0 42.1365 0.0000 0.0000 0.0000
0.0227107 0.0998444 34.4536 0.0000 0.0000 0.0000
0.0227107 0.199777 27.3564 0.0000 0.0000 0.0000
0.0227107 0.300678 21 0.0000 0.0000 0.0000
0.0227107 0.399906 15.5596 0.0000 0.0000 0.0000
0.0227107 0.500191 10.9596 0.0000 0.0000 0.0000
0.0227107 0.600358 7.32503 0.0000 0.0000 0.0000
0.0227107 0.700731 4.59442 0.0000 0.0000 0.0000
0.0227107 0.800429 2.69579 0.0000 0.0000 0.0000
0.0227107 0.900537 1.50107 0.0000 0.0000 0.0000
0.0224196 1.00003 0.844266 0.0000 0.0000 0.0000
0.0601252 0 41.8789 0.0000 0.0000 0.0000
0.0601252 0.100902 34.1464 0.0000 0.0000 0.0000
0.0601252 0.200658 27.1129 0.0000 0.0000 0.0000
0.0601252 0.300913 20.8023 0.0000 0.0000 0.0000
0.0601252 0.400258 15.3706 0.0000 0.0000 0.0000
0.0601252 0.501013 10.8009 0.0000 0.0000 0.0000
0.0601252 0.600035 7.22619 0.0000 0.0000 0.0000
0.0601252 0.700878 4.49214 0.0000 0.0000 0.0000
0.0601252 0.799313 2.65003 0.0000 0.0000 0.0000
0.0601252 0.899921 1.43357 0.0000 0.0000 0.0000
0.0601252 1.00003 0.811618 0.0000 0.0000 0.0000
1 0 41.8789 0.0000 0.0000 0.0000
1 0.100902 34.1464 0.0000 0.0000 0.0000
1 0.200658 27.1129 0.0000 0.0000 0.0000
1 0.300913 20.8023 0.0000 0.0000 0.0000
1 0.400258 15.3706 0.0000 0.0000 0.0000
1 0.501013 10.8009 0.0000 0.0000 0.0000
1 0.600035 7.22619 0.0000 0.0000 0.0000
1 0.700878 4.49214 0.0000 0.0000 0.0000
1 0.799313 2.65003 0.0000 0.0000 0.0000
1 0.899921 1.43357 0.0000 0.0000 0.0000
1 1.00003 0.811618 0.0000 0.0000 0.0000