-0.0002457 -0.00261011 42.2014 0.0000 0.0000 0.0000
-0.0002457 0.100653 34.2422 0.0000 0.0000 0.0000
-0.0002457 0.200326 27.1875 0.0000 0.0000 0.0000
-0.0002457 0.300979 20.84 0.0000 0.0000 0.0000
-0.0002457 0.400163 15.4118 0.0000 0.0000 0.0000
-0.0002457 0.500163 10.8553 0.0000 0.0000 0.0000
-0.0002457 0.6 7.25299 0.0000 0.0000 0.0000
-0.0002457 0.700163 4.54193 0.0000 0.0000 0.0000
-0.0002457 0.8 2.67642 0.0000 0.0000 0.0000
-0.0002457 0.9 1.4935 0.0000 0.0000 0.0000
-0.0002457 0.9969 0.897493 0.0000 0.0000 0.0000

0.0331695 -0.00277325 41.9588 0.0000 0.0000 0.0000
0.0331695 0.1 34.058 0.0000 0.0000 0.0000
0.0331695 0.200979 26.9486 0.0000 0.0000 0.0000
0.0331695 0.300326 20.711 0.0000 0.0000 0.0000
0.0331695 0.4 15.2694 0.0000 0.0000 0.0000
0.0331695 0.5 10.7285 0.0000 0.0000 0.0000
0.0331695 0.599837 7.14829 0.0000 0.0000 0.0000
0.0331695 0.699837 4.46664 0.0000 0.0000 0.0000
0.0331695 0.800163 2.60196 0.0000 0.0000 0.0000
0.0331695 0.900489 1.42328 0.0000 0.0000 0.0000
0.0331695 0.996574 0.829557 0.0000 0.0000 0.0000

0.0625307 -0.00309951 41.7094 0.0000 0.0000 0.0000
0.0625307 0.0996737 33.7478 0.0000 0.0000 0.0000
0.0625307 0.199021 26.8863 0.0000 0.0000 0.0000
0.0625307 0.300653 20.5053 0.0000 0.0000 0.0000
0.0625307 0.399674 15.2026 0.0000 0.0000 0.0000
0.0625307 0.499674 10.6298 0.0000 0.0000 0.0000
0.0625307 0.600489 7.03589 0.0000 0.0000 0.0000
0.0625307 0.7 4.38311 0.0000 0.0000 0.0000
0.0625307 0.799674 2.54109 0.0000 0.0000 0.0000
0.0625307 0.899511 1.38582 0.0000 0.0000 0.0000
0.0625307 0.996248 0.778217 0.0000 0.0000 0.0000
