newLensFormat14
fullLensType Canon86x9.3
disToTarget 241.000000
focusPointes 5
zoomPointes 8
lensWideVal 9.30000
lensFactorVal 86.000000
numberOfPointes 231 4
0 0 40.2349 -0.426677 0.0000 0.0000
0 0.05 36.126 -0.380194 0.0000 0.0000
0 0.1 32.0925 -0.331487 0.0000 0.0000
0 0.15 28.2103 -0.283772 0.0000 0.0000
0 0.2 24.5574 -0.239823 0.0000 0.0000
0 0.25 21.1956 -0.198391 0.0000 0.0000
0 0.3 18.1201 -0.155856 0.0000 0.0000
0 0.35 15.3138 -0.104755 0.0000 0.0000
0 0.4 12.7765 -0.0430717 0.0000 0.0000
0 0.45 10.5125 0.0223532 0.0000 0.0000
0 0.5 8.52475 0.0913245 0.0000 0.0000
0 0.55 6.81185 0.175464 0.0000 0.0000
0 0.6 5.35544 0.294656 0.0000 0.0000
0 0.65 4.13439 0.47801 0.0000 0.0000
0 0.7 3.13378 0.760655 0.0000 0.0000
0 0.75 2.33778 1.11712 0.0000 0.0000
0 0.8 1.72044 1.62478 0.0000 0.0000
0 0.85 1.25684 2.36849 0.0000 0.0000
0 0.9 0.936399 3.45435 0.0000 0.0000
0 0.95 0.7421 4.79471 0.0000 0.0000
0 1 0.616075 6.06817 0.0000 0.0000
0.1 0 39.9835 -0.423839 0.0000 0.0000
0.1 0.05 35.7272 -0.375569 0.0000 0.0000
0.1 0.1 31.6095 -0.325477 0.0000 0.0000
0.1 0.15 27.7441 -0.278143 0.0000 0.0000
0.1 0.2 24.1415 -0.234799 0.0000 0.0000
0.1 0.25 20.7935 -0.193208 0.0000 0.0000
0.1 0.3 17.7231 -0.14959 0.0000 0.0000
0.1 0.35 14.953 -0.096911 0.0000 0.0000
0.1 0.4 12.4702 -0.0347056 0.0000 0.0000
0.1 0.45 10.256 0.0304208 0.0000 0.0000
0.1 0.5 8.30701 0.100237 0.0000 0.0000
0.1 0.55 6.62062 0.187707 0.0000 0.0000
0.1 0.6 5.18249 0.314357 0.0000 0.0000
0.1 0.65 3.97608 0.512253 0.0000 0.0000
0.1 0.7 2.98816 0.816193 0.0000 0.0000
0.1 0.75 2.20355 1.19918 0.0000 0.0000
0.1 0.8 1.59568 1.78288 0.0000 0.0000
0.1 0.85 1.13803 2.66233 0.0000 0.0000
0.1 0.9 0.816302 4.20024 0.0000 0.0000
0.1 0.95 0.611103 6.12566 0.0000 0.0000
0.1 1 0.468626 8.03342 0.0000 0.0000
0.2 0 39.6604 -0.420201 0.0000 0.0000
0.2 0.05 35.3317 -0.370943 0.0000 0.0000
0.2 0.1 31.1749 -0.320074 0.0000 0.0000
0.2 0.15 27.3241 -0.273082 0.0000 0.0000
0.2 0.2 23.7578 -0.230148 0.0000 0.0000
0.2 0.25 20.4331 -0.188493 0.0000 0.0000
0.2 0.3 17.3819 -0.143986 0.0000 0.0000
0.2 0.35 14.6418 -0.0898949 0.0000 0.0000
0.2 0.4 12.1959 -0.0270853 0.0000 0.0000
0.2 0.45 10.0177 0.0380865 0.0000 0.0000
0.2 0.5 8.09912 0.109124 0.0000 0.0000
0.2 0.55 6.43551 0.200347 0.0000 0.0000
0.2 0.6 5.015 0.335053 0.0000 0.0000
0.2 0.65 3.82419 0.54839 0.0000 0.0000
0.2 0.7 2.85061 0.872172 0.0000 0.0000
0.2 0.75 2.07862 1.2872 0.0000 0.0000
0.2 0.8 1.4781 1.95764 0.0000 0.0000
0.2 0.85 1.01981 3.06838 0.0000 0.0000
0.2 0.9 0.69373 5.24266 0.0000 0.0000
0.2 0.95 0.485422 7.77672 0.0000 0.0000
0.2 1 0.341137 11.0823 0.0000 0.0000
0.3 0 39.2402 -0.415476 0.0000 0.0000
0.3 0.05 34.9315 -0.366215 0.0000 0.0000
0.3 0.1 30.7916 -0.31532 0.0000 0.0000
0.3 0.15 26.954 -0.26863 0.0000 0.0000
0.3 0.2 23.4079 -0.225892 0.0000 0.0000
0.3 0.25 20.1183 -0.184315 0.0000 0.0000
0.3 0.3 17.1031 -0.139241 0.0000 0.0000
0.3 0.35 14.3857 -0.0839426 0.0000 0.0000
0.3 0.4 11.9559 -0.0203212 0.0000 0.0000
0.3 0.45 9.7967 0.0453498 0.0000 0.0000
0.3 0.5 7.89867 0.118075 0.0000 0.0000
0.3 0.55 6.2536 0.21359 0.0000 0.0000
0.3 0.6 4.85032 0.357091 0.0000 0.0000
0.3 0.65 3.67665 0.58687 0.0000 0.0000
0.3 0.7 2.71961 0.928696 0.0000 0.0000
0.3 0.75 1.96165 1.38198 0.0000 0.0000
0.3 0.8 1.36673 2.14981 0.0000 0.0000
0.3 0.85 0.902397 3.64076 0.0000 0.0000
0.3 0.9 0.570926 6.61152 0.0000 0.0000
0.3 0.95 0.370047 10.1446 0.0000 0.0000
0.3 1 0.241724 15.8881 0.0000 0.0000
0.4 0 38.7436 -0.409896 0.0000 0.0000
0.4 0.05 34.5071 -0.361147 0.0000 0.0000
0.4 0.1 30.4172 -0.310694 0.0000 0.0000
0.4 0.15 26.5957 -0.264325 0.0000 0.0000
0.4 0.2 23.0632 -0.221685 0.0000 0.0000
0.4 0.25 19.8147 -0.180231 0.0000 0.0000
0.4 0.3 16.8439 -0.134685 0.0000 0.0000
0.4 0.35 14.1457 -0.0782198 0.0000 0.0000
0.4 0.4 11.722 -0.0136532 0.0000 0.0000
0.4 0.45 9.57347 0.0528525 0.0000 0.0000
0.4 0.5 7.69099 0.12778 0.0000 0.0000
0.4 0.55 6.06291 0.228417 0.0000 0.0000
0.4 0.6 4.67765 0.382148 0.0000 0.0000
0.4 0.65 3.52294 0.630817 0.0000 0.0000
0.4 0.7 2.58399 0.990567 0.0000 0.0000
0.4 0.75 1.84065 1.4948 0.0000 0.0000
0.4 0.8 1.25246 2.37796 0.0000 0.0000
0.4 0.85 0.785611 4.43291 0.0000 0.0000
0.4 0.9 0.454854 8.25803 0.0000 0.0000
0.4 0.95 0.269647 14.3144 0.0000 0.0000
0.4 1 0.16664 20.4373 0.0000 0.0000
0.5 0 38.193 -0.403705 0.0000 0.0000
0.5 0.05 34.0385 -0.355484 0.0000 0.0000
0.5 0.1 30.0075 -0.305654 0.0000 0.0000
0.5 0.15 26.209 -0.259682 0.0000 0.0000
0.5 0.2 22.694 -0.217156 0.0000 0.0000
0.5 0.25 19.4867 -0.175745 0.0000 0.0000
0.5 0.3 16.5592 -0.129514 0.0000 0.0000
0.5 0.35 13.8812 -0.0717488 0.0000 0.0000
0.5 0.4 11.465 -0.00623401 0.0000 0.0000
0.5 0.45 9.32748 0.0613415 0.0000 0.0000
0.5 0.5 7.46083 0.139118 0.0000 0.0000
0.5 0.55 5.85107 0.246186 0.0000 0.0000
0.5 0.6 4.48587 0.412676 0.0000 0.0000
0.5 0.65 3.35215 0.684494 0.0000 0.0000
0.5 0.7 2.43219 1.06561 0.0000 0.0000
0.5 0.75 1.70316 1.64516 0.0000 0.0000
0.5 0.8 1.12584 2.69797 0.0000 0.0000
0.5 0.85 0.669252 5.48842 0.0000 0.0000
0.5 0.9 0.352686 10.685 0.0000 0.0000
0.5 0.95 0.188877 19.0823 0.0000 0.0000
0.5 1 0.111624 23.5817 0.0000 0.0000
0.6 0 37.6084 -0.397113 0.0000 0.0000
0.6 0.05 33.5111 -0.349043 0.0000 0.0000
0.6 0.1 29.528 -0.299781 0.0000 0.0000
0.6 0.15 25.7626 -0.254322 0.0000 0.0000
0.6 0.2 22.277 -0.212005 0.0000 0.0000
0.6 0.25 19.1061 -0.170423 0.0000 0.0000
0.6 0.3 16.2139 -0.123 0.0000 0.0000
0.6 0.35 13.5602 -0.0636771 0.0000 0.0000
0.6 0.4 11.1619 0.00265626 0.0000 0.0000
0.6 0.45 9.043 0.0715188 0.0000 0.0000
0.6 0.5 7.19668 0.153044 0.0000 0.0000
0.6 0.55 5.60879 0.26853 0.0000 0.0000
0.6 0.6 4.26662 0.451825 0.0000 0.0000
0.6 0.65 3.15607 0.752493 0.0000 0.0000
0.6 0.7 2.25541 1.16609 0.0000 0.0000
0.6 0.75 1.5397 1.86272 0.0000 0.0000
0.6 0.8 0.979653 3.24233 0.0000 0.0000
0.6 0.85 0.553148 6.83879 0.0000 0.0000
0.6 0.9 0.26974 14.3094 0.0000 0.0000
0.6 0.95 0.130841 22.5341 0.0000 0.0000
0.6 1 0.0725931 25.4503 0.0000 0.0000
0.7 0 36.9989 -0.3902 0.0000 0.0000
0.7 0.05 32.9322 -0.341908 0.0000 0.0000
0.7 0.1 28.9842 -0.293155 0.0000 0.0000
0.7 0.15 25.2609 -0.248295 0.0000 0.0000
0.7 0.2 21.8162 -0.206255 0.0000 0.0000
0.7 0.25 18.677 -0.164237 0.0000 0.0000
0.7 0.3 15.8118 -0.11508 0.0000 0.0000
0.7 0.35 13.1865 -0.054003 0.0000 0.0000
0.7 0.4 10.8166 0.0130083 0.0000 0.0000
0.7 0.45 8.72373 0.0835028 0.0000 0.0000
0.7 0.5 6.90222 0.169946 0.0000 0.0000
0.7 0.55 5.33957 0.296397 0.0000 0.0000
0.7 0.6 4.02306 0.501742 0.0000 0.0000
0.7 0.65 2.93749 0.836413 0.0000 0.0000
0.7 0.7 2.05631 1.30429 0.0000 0.0000
0.7 0.75 1.35295 2.17554 0.0000 0.0000
0.7 0.8 0.815925 4.20299 0.0000 0.0000
0.7 0.85 0.437226 8.57031 0.0000 0.0000
0.7 0.9 0.203728 18.172 0.0000 0.0000
0.7 0.95 0.092295 24.5567 0.0000 0.0000
0.7 1 0.0461988 26.4547 0.0000 0.0000
0.8 0 36.3707 -0.383014 0.0000 0.0000
0.8 0.05 32.3146 -0.334249 0.0000 0.0000
0.8 0.1 28.3924 -0.285975 0.0000 0.0000
0.8 0.15 24.718 -0.241759 0.0000 0.0000
0.8 0.2 21.3226 -0.200013 0.0000 0.0000
0.8 0.25 18.2114 -0.15726 0.0000 0.0000
0.8 0.3 15.3672 -0.10589 0.0000 0.0000
0.8 0.35 12.7733 -0.0429859 0.0000 0.0000
0.8 0.4 10.4396 0.0246265 0.0000 0.0000
0.8 0.45 8.37837 0.0972728 0.0000 0.0000
0.8 0.5 6.58503 0.190074 0.0000 0.0000
0.8 0.55 5.05012 0.330574 0.0000 0.0000
0.8 0.6 3.76126 0.56438 0.0000 0.0000
0.8 0.65 2.70205 0.93651 0.0000 0.0000
0.8 0.7 1.84047 1.49499 0.0000 0.0000
0.8 0.75 1.14875 2.63197 0.0000 0.0000
0.8 0.8 0.639042 5.80994 0.0000 0.0000
0.8 0.85 0.321442 11.8362 0.0000 0.0000
0.8 0.9 0.150417 21.4058 0.0000 0.0000
0.8 0.95 0.068366 25.6269 0.0000 0.0000
0.8 1 0.0292824 26.9626 0.0000 0.0000
0.9 0 35.7301 -0.375603 0.0000 0.0000
0.9 0.05 31.6712 -0.326246 0.0000 0.0000
0.9 0.1 27.7685 -0.278437 0.0000 0.0000
0.9 0.15 24.1474 -0.23487 0.0000 0.0000
0.9 0.2 20.807 -0.193383 0.0000 0.0000
0.9 0.25 17.7216 -0.149566 0.0000 0.0000
0.9 0.3 14.8942 -0.0956035 0.0000 0.0000
0.9 0.35 12.3339 -0.0309334 0.0000 0.0000
0.9 0.4 10.0415 0.0373108 0.0000 0.0000
0.9 0.45 8.01562 0.112805 0.0000 0.0000
0.9 0.5 6.25269 0.213658 0.0000 0.0000
0.9 0.55 4.7472 0.371803 0.0000 0.0000
0.9 0.6 3.48729 0.641596 0.0000 0.0000
0.9 0.65 2.45537 1.0536 0.0000 0.0000
0.9 0.7 1.61346 1.75873 0.0000 0.0000
0.9 0.75 0.93291 3.47265 0.0000 0.0000
0.9 0.8 0.453387 8.28287 0.0000 0.0000
0.9 0.85 0.205749 18.0484 0.0000 0.0000
0.9 0.9 0.105573 23.8963 0.0000 0.0000
0.9 0.95 0.0541817 26.1765 0.0000 0.0000
0.9 1 0.0186845 27.2201 0.0000 0.0000
1 0 35.0832 -0.368013 0.0000 0.0000
1 0.05 31.015 -0.31809 0.0000 0.0000
1 0.1 27.1286 -0.27073 0.0000 0.0000
1 0.15 23.563 -0.227781 0.0000 0.0000
1 0.2 20.2805 -0.186476 0.0000 0.0000
1 0.25 17.2196 -0.141242 0.0000 0.0000
1 0.3 14.4071 -0.084446 0.0000 0.0000
1 0.35 11.8813 -0.0182023 0.0000 0.0000
1 0.4 9.63287 0.0508392 0.0000 0.0000
1 0.45 7.64418 0.130032 0.0000 0.0000
1 0.5 5.91277 0.240854 0.0000 0.0000
1 0.55 4.43754 0.420885 0.0000 0.0000
1 0.6 3.20725 0.734082 0.0000 0.0000
1 0.65 2.20306 1.1995 0.0000 0.0000
1 0.7 1.38088 2.12384 0.0000 0.0000
1 0.75 0.711249 5.07472 0.0000 0.0000
1 0.8 0.263347 14.6582 0.0000 0.0000
1 0.85 0.0901021 24.6615 0.0000 0.0000
1 0.9 0.0649631 25.765 0.0000 0.0000
1 0.95 0.0448698 26.4986 0.0000 0.0000
1 1 0.0112459 27.3709 0.0000 0.0000