newLensFormat14
fullLensType Fujinon20x7
disToTarget 241.000000
focusPointes 5
zoomPointes 8
lensWideVal 7.00000
lensFactorVal 20.000000
numberOfPointes 231 4
0 0 52.306 -0.261259 0.0000 0.0000
0 0.05 45.8305 -0.329005 0.0000 0.0000
0 0.1 39.8097 -0.373048 0.0000 0.0000
0 0.15 34.5914 -0.353638 0.0000 0.0000
0 0.2 30.1024 -0.307512 0.0000 0.0000
0 0.25 26.1806 -0.301341 0.0000 0.0000
0 0.3 22.7288 -0.319168 0.0000 0.0000
0 0.35 19.682 -0.314259 0.0000 0.0000
0 0.4 17.0333 -0.28819 0.0000 0.0000
0 0.45 14.7753 -0.263373 0.0000 0.0000
0 0.5 12.8392 -0.241138 0.0000 0.0000
0 0.55 11.1494 -0.213497 0.0000 0.0000
0 0.6 9.66753 -0.181162 0.0000 0.0000
0 0.65 8.36885 -0.147689 0.0000 0.0000
0 0.7 7.24424 -0.115681 0.0000 0.0000
0 0.75 6.28386 -0.0827159 0.0000 0.0000
0 0.8 5.45898 -0.0409932 0.0000 0.0000
0 0.85 4.74177 0.0508625 0.0000 0.0000
0 0.9 4.12576 0.104106 0.0000 0.0000
0 0.95 3.60123 -0.022159 0.0000 0.0000
0 1 3.12635 -0.674479 0.0000 0.0000
0.1 0 53.1001 -0.252849 0.0000 0.0000
0.1 0.05 46.3373 -0.323806 0.0000 0.0000
0.1 0.1 40.0896 -0.372332 0.0000 0.0000
0.1 0.15 34.744 -0.355066 0.0000 0.0000
0.1 0.2 30.1852 -0.30812 0.0000 0.0000
0.1 0.25 26.2018 -0.30126 0.0000 0.0000
0.1 0.3 22.6858 -0.319305 0.0000 0.0000
0.1 0.35 19.5727 -0.313504 0.0000 0.0000
0.1 0.4 16.8713 -0.286361 0.0000 0.0000
0.1 0.45 14.5878 -0.261367 0.0000 0.0000
0.1 0.5 12.6388 -0.238383 0.0000 0.0000
0.1 0.55 10.932 -0.209213 0.0000 0.0000
0.1 0.6 9.43371 -0.175437 0.0000 0.0000
0.1 0.65 8.12553 -0.141062 0.0000 0.0000
0.1 0.7 6.99246 -0.107684 0.0000 0.0000
0.1 0.75 6.01872 -0.0724586 0.0000 0.0000
0.1 0.8 5.18572 -0.0125752 0.0000 0.0000
0.1 0.85 4.46696 0.086272 0.0000 0.0000
0.1 0.9 3.84515 0.0748809 0.0000 0.0000
0.1 0.95 3.29904 -0.35415 0.0000 0.0000
0.1 1 2.79262 -1.42293 0.0000 0.0000
0.2 0 53.845 -0.244964 0.0000 0.0000
0.2 0.05 46.8251 -0.318778 0.0000 0.0000
0.2 0.1 40.3688 -0.371437 0.0000 0.0000
0.2 0.15 34.8948 -0.356428 0.0000 0.0000
0.2 0.2 30.2579 -0.30867 0.0000 0.0000
0.2 0.25 26.2088 -0.301233 0.0000 0.0000
0.2 0.3 22.6302 -0.319474 0.0000 0.0000
0.2 0.35 19.457 -0.312661 0.0000 0.0000
0.2 0.4 16.7085 -0.284531 0.0000 0.0000
0.2 0.45 14.3998 -0.259356 0.0000 0.0000
0.2 0.5 12.436 -0.235452 0.0000 0.0000
0.2 0.55 10.7123 -0.204714 0.0000 0.0000
0.2 0.6 9.19833 -0.169522 0.0000 0.0000
0.2 0.65 7.88058 -0.134289 0.0000 0.0000
0.2 0.7 6.74024 -0.0992096 0.0000 0.0000
0.2 0.75 5.75738 -0.0607278 0.0000 0.0000
0.2 0.8 4.91284 0.02567 0.0000 0.0000
0.2 0.85 4.18754 0.104342 0.0000 0.0000
0.2 0.9 3.56319 -0.0484362 0.0000 0.0000
0.2 0.95 3.01767 -0.908131 0.0000 0.0000
0.2 1 2.51348 -2.01104 0.0000 0.0000
0.3 0 54.5028 -0.238004 0.0000 0.0000
0.3 0.05 47.2786 -0.314083 0.0000 0.0000
0.3 0.1 40.6458 -0.370379 0.0000 0.0000
0.3 0.15 35.0428 -0.357715 0.0000 0.0000
0.3 0.2 30.3137 -0.309103 0.0000 0.0000
0.3 0.25 26.1923 -0.301296 0.0000 0.0000
0.3 0.3 22.5535 -0.31969 0.0000 0.0000
0.3 0.35 19.3308 -0.311691 0.0000 0.0000
0.3 0.4 16.5447 -0.282698 0.0000 0.0000
0.3 0.45 14.2108 -0.257328 0.0000 0.0000
0.3 0.5 12.229 -0.232312 0.0000 0.0000
0.3 0.55 10.4885 -0.199963 0.0000 0.0000
0.3 0.6 8.96031 -0.1634 0.0000 0.0000
0.3 0.65 7.63296 -0.127265 0.0000 0.0000
0.3 0.7 6.48721 -0.0902471 0.0000 0.0000
0.3 0.75 5.50171 -0.0444267 0.0000 0.0000
0.3 0.8 4.64061 0.0650063 0.0000 0.0000
0.3 0.85 3.90016 0.0849231 0.0000 0.0000
0.3 0.9 3.27887 -0.387332 0.0000 0.0000
0.3 0.95 2.77234 -1.46915 0.0000 0.0000
0.3 1 2.3288 -2.29533 0.0000 0.0000
0.4 0 55.0841 -0.231863 0.0000 0.0000
0.4 0.05 47.6989 -0.309719 0.0000 0.0000
0.4 0.1 40.9173 -0.369184 0.0000 0.0000
0.4 0.15 35.1888 -0.358939 0.0000 0.0000
0.4 0.2 30.3602 -0.309471 0.0000 0.0000
0.4 0.25 26.1616 -0.301415 0.0000 0.0000
0.4 0.3 22.4641 -0.319921 0.0000 0.0000
0.4 0.35 19.1988 -0.310622 0.0000 0.0000
0.4 0.4 16.3813 -0.280879 0.0000 0.0000
0.4 0.45 14.0218 -0.255276 0.0000 0.0000
0.4 0.5 12.0188 -0.228971 0.0000 0.0000
0.4 0.55 10.2614 -0.194974 0.0000 0.0000
0.4 0.6 8.72038 -0.157105 0.0000 0.0000
0.4 0.65 7.38412 -0.119944 0.0000 0.0000
0.4 0.7 6.23349 -0.0808061 0.0000 0.0000
0.4 0.75 5.2456 -0.0198498 0.0000 0.0000
0.4 0.8 4.3689 0.0955608 0.0000 0.0000
0.4 0.85 3.60657 -0.0187625 0.0000 0.0000
0.4 0.9 2.99271 -0.964003 0.0000 0.0000
0.4 0.95 2.55507 -1.93271 0.0000 0.0000
0.4 1 2.21765 -2.40243 0.0000 0.0000
0.5 0 55.6115 -0.2263 0.0000 0.0000
0.5 0.05 48.0909 -0.305637 0.0000 0.0000
0.5 0.1 41.1795 -0.367888 0.0000 0.0000
0.5 0.15 35.3346 -0.360115 0.0000 0.0000
0.5 0.2 30.4081 -0.309856 0.0000 0.0000
0.5 0.25 26.1313 -0.301534 0.0000 0.0000
0.5 0.3 22.3743 -0.320127 0.0000 0.0000
0.5 0.35 19.0681 -0.309514 0.0000 0.0000
0.5 0.4 16.2204 -0.279096 0.0000 0.0000
0.5 0.45 13.8338 -0.2532 0.0000 0.0000
0.5 0.5 11.8073 -0.225452 0.0000 0.0000
0.5 0.55 10.0325 -0.189779 0.0000 0.0000
0.5 0.6 8.47978 -0.150682 0.0000 0.0000
0.5 0.65 7.13616 -0.112303 0.0000 0.0000
0.5 0.7 5.97929 -0.0708652 0.0000 0.0000
0.5 0.75 4.9809 0.0156423 0.0000 0.0000
0.5 0.8 4.09744 0.103349 0.0000 0.0000
0.5 0.85 3.30987 -0.336868 0.0000 0.0000
0.5 0.9 2.70564 -1.61873 0.0000 0.0000
0.5 0.95 2.35189 -2.26642 0.0000 0.0000
0.5 1 2.14344 -2.44077 0.0000 0.0000
0.6 0 56.1051 -0.221103 0.0000 0.0000
0.6 0.05 48.4595 -0.301788 0.0000 0.0000
0.6 0.1 41.4295 -0.36653 0.0000 0.0000
0.6 0.15 35.4814 -0.361251 0.0000 0.0000
0.6 0.2 30.4664 -0.310332 0.0000 0.0000
0.6 0.25 26.1129 -0.301608 0.0000 0.0000
0.6 0.3 22.2944 -0.32029 0.0000 0.0000
0.6 0.35 18.9442 -0.30842 0.0000 0.0000
0.6 0.4 16.0636 -0.277365 0.0000 0.0000
0.6 0.45 13.6475 -0.251098 0.0000 0.0000
0.6 0.5 11.596 -0.221778 0.0000 0.0000
0.6 0.55 9.80304 -0.184407 0.0000 0.0000
0.6 0.6 8.23952 -0.144176 0.0000 0.0000
0.6 0.65 6.89073 -0.104322 0.0000 0.0000
0.6 0.7 5.72481 -0.0589893 0.0000 0.0000
0.6 0.75 4.70134 0.0566242 0.0000 0.0000
0.6 0.8 3.82598 0.0706591 0.0000 0.0000
0.6 0.85 3.01314 -0.918231 0.0000 0.0000
0.6 0.9 2.41856 -2.1716 0.0000 0.0000
0.6 0.95 2.14885 -2.43896 0.0000 0.0000
0.6 1 2.06958 -2.44899 0.0000 0.0000
0.7 0 56.5739 -0.216177 0.0000 0.0000
0.7 0.05 48.8096 -0.298126 0.0000 0.0000
0.7 0.1 41.669 -0.365121 0.0000 0.0000
0.7 0.15 35.6292 -0.362348 0.0000 0.0000
0.7 0.2 30.5347 -0.310902 0.0000 0.0000
0.7 0.25 26.1066 -0.301633 0.0000 0.0000
0.7 0.3 22.2243 -0.320417 0.0000 0.0000
0.7 0.35 18.827 -0.307349 0.0000 0.0000
0.7 0.4 15.9105 -0.27568 0.0000 0.0000
0.7 0.45 13.4628 -0.248955 0.0000 0.0000
0.7 0.5 11.385 -0.217954 0.0000 0.0000
0.7 0.55 9.57325 -0.178872 0.0000 0.0000
0.7 0.6 7.99971 -0.137599 0.0000 0.0000
0.7 0.65 6.64769 -0.0959847 0.0000 0.0000
0.7 0.7 5.47013 -0.041912 0.0000 0.0000
0.7 0.75 4.40829 0.0921386 0.0000 0.0000
0.7 0.8 3.55427 -0.055141 0.0000 0.0000
0.7 0.85 2.71946 -1.58811 0.0000 0.0000
0.7 0.9 2.13238 -2.44398 0.0000 0.0000
0.7 0.95 1.93197 -2.37422 0.0000 0.0000
0.7 1 1.95947 -2.39924 0.0000 0.0000
0.8 0 57.0241 -0.211456 0.0000 0.0000
0.8 0.05 49.1457 -0.294603 0.0000 0.0000
0.8 0.1 41.9004 -0.363664 0.0000 0.0000
0.8 0.15 35.7778 -0.363402 0.0000 0.0000
0.8 0.2 30.6105 -0.311548 0.0000 0.0000
0.8 0.25 26.1091 -0.301623 0.0000 0.0000
0.8 0.3 22.1616 -0.320517 0.0000 0.0000
0.8 0.35 18.7149 -0.306293 0.0000 0.0000
0.8 0.4 15.76 -0.274031 0.0000 0.0000
0.8 0.45 13.2794 -0.246758 0.0000 0.0000
0.8 0.5 11.1743 -0.213978 0.0000 0.0000
0.8 0.55 9.34323 -0.17318 0.0000 0.0000
0.8 0.6 7.76024 -0.130903 0.0000 0.0000
0.8 0.65 6.40645 -0.0872906 0.0000 0.0000
0.8 0.7 5.21529 -0.0162394 0.0000 0.0000
0.8 0.75 4.10514 0.103597 0.0000 0.0000
0.8 0.8 3.28206 -0.381992 0.0000 0.0000
0.8 0.85 2.43193 -2.15068 0.0000 0.0000
0.8 0.9 1.84802 -2.26411 0.0000 0.0000
0.8 0.95 1.68731 -1.8981 0.0000 0.0000
0.8 1 1.77653 -2.12772 0.0000 0.0000
0.9 0 57.462 -0.206877 0.0000 0.0000
0.9 0.05 49.4725 -0.291172 0.0000 0.0000
0.9 0.1 42.1266 -0.362155 0.0000 0.0000
0.9 0.15 35.927 -0.364411 0.0000 0.0000
0.9 0.2 30.6913 -0.312254 0.0000 0.0000
0.9 0.25 26.1177 -0.301589 0.0000 0.0000
0.9 0.3 22.1039 -0.320599 0.0000 0.0000
0.9 0.35 18.6061 -0.305241 0.0000 0.0000
0.9 0.4 15.6114 -0.272408 0.0000 0.0000
0.9 0.45 13.0967 -0.244491 0.0000 0.0000
0.9 0.5 10.9638 -0.20985 0.0000 0.0000
0.9 0.55 9.11308 -0.167344 0.0000 0.0000
0.9 0.6 7.52099 -0.124008 0.0000 0.0000
0.9 0.65 6.1664 -0.0782349 0.0000 0.0000
0.9 0.7 4.96035 0.0186535 0.0000 0.0000
0.9 0.75 3.79525 0.0629597 0.0000 0.0000
0.9 0.8 3.00909 -0.927273 0.0000 0.0000
0.9 0.85 2.15364 -2.43722 0.0000 0.0000
0.9 0.9 1.56638 -1.47261 0.0000 0.0000
0.9 0.95 1.40089 -0.654781 0.0000 0.0000
0.9 1 1.48415 -1.10202 0.0000 0.0000
1 0 57.8936 -0.202374 0.0000 0.0000
1 0.05 49.7946 -0.287784 0.0000 0.0000
1 0.1 42.3501 -0.360584 0.0000 0.0000
1 0.15 36.0764 -0.365372 0.0000 0.0000
1 0.2 30.7747 -0.312998 0.0000 0.0000
1 0.25 26.1292 -0.301542 0.0000 0.0000
1 0.3 22.0486 -0.320667 0.0000 0.0000
1 0.35 18.499 -0.304181 0.0000 0.0000
1 0.4 15.4636 -0.2708 0.0000 0.0000
1 0.45 12.9144 -0.242138 0.0000 0.0000
1 0.5 10.7534 -0.205569 0.0000 0.0000
1 0.55 8.88284 -0.161381 0.0000 0.0000
1 0.6 7.28186 -0.116839 0.0000 0.0000
1 0.65 5.92694 -0.0686806 0.0000 0.0000
1 0.7 4.70536 0.0560563 0.0000 0.0000
1 0.75 3.48199 -0.117893 0.0000 0.0000
1 0.8 2.7351 -1.5532 0.0000 0.0000
1 0.85 1.88766 -2.32259 0.0000 0.0000
1 0.9 1.28838 0.0722854 0.0000 0.0000
1 0.95 1.05876 2.03611 0.0000 0.0000
1 1 1.04576 2.168 0.0000 0.0000