 newLensFormat14
fullLensType Canon
disToTarget 0.000000
focusPointes 7
zoomPointes 11
lensWideVal 10.000000
lensFactorVal 40.000000
numberOfPointes 76 4 
0.4910 0.5048 13.5967 0.0000 0.0 0.0 
0.0004 0.5053 14.9145 0.0000 0.0 0.0 
1.0000 0.5053 12.1008 0.0000 0.0 0.0 
0.5091 0.0000 48.4361 0.0000 0.0 0.0 
0.0005 0.0000 50.8003 0.0000 0.0 0.0 
1.0000 0.0000 46.1424 0.0000 0.0 0.0 
0.5044 0.9997 0.8409 0.0000 0.0 0.0 
0.0007 0.9997 1.3454 0.0000 0.0 0.0 
0.7868 0.9997 0.8290 0.0000 0.0 0.0 
0.8404 0.0000 46.9379 0.0000 0.0 0.0 
0.6706 0.0000 47.7468 0.0000 0.0 0.0 
0.3325 0.0000 49.2455 0.0000 0.0 0.0 
0.1678 0.0000 50.0296 0.0000 0.0 0.0 
0.4974 0.1035 40.8782 0.0000 0.0 0.0 
0.0009 0.1035 43.0840 0.0000 0.0 0.0 
0.1805 0.1035 42.2450 0.0000 0.0 0.0 
0.3197 0.1036 41.6334 0.0000 0.0 0.0 
0.6537 0.1036 40.1612 0.0000 0.0 0.0 
0.8299 0.1036 39.3995 0.0000 0.0 0.0 
1.0000 0.1036 38.6546 0.0000 0.0 0.0 
0.5119 0.1976 33.7244 0.0000 0.0 0.0 
1.0000 0.1976 31.7341 0.0000 0.0 0.0 
0.8225 0.1976 32.4696 0.0000 0.0 0.0 
0.6709 0.1976 33.0569 0.0000 0.0 0.0 
0.3317 0.1976 34.4269 0.0000 0.0 0.0 
0.1736 0.1976 35.0800 0.0000 0.0 0.0 
0.0009 0.1976 35.8072 0.0000 0.0 0.0 
0.4889 0.2965 26.7247 0.0000 0.0 0.0 
1.0000 0.2965 24.8299 0.0000 0.0 0.0 
0.8302 0.2965 25.4573 0.0000 0.0 0.0 
0.6646 0.2965 26.0691 0.0000 0.0 0.0 
0.3394 0.2965 27.2446 0.0000 0.0 0.0 
0.1702 0.2965 27.8848 0.0000 0.0 0.0 
0.0005 0.2965 28.5396 0.0000 0.0 0.0 
0.4979 0.4049 19.3289 0.0000 0.0 0.0 
1.0000 0.4050 17.6547 0.0000 0.0 0.0 
0.8271 0.4050 18.2385 0.0000 0.0 0.0 
0.6707 0.4050 18.7599 0.0000 0.0 0.0 
0.3286 0.4050 19.8771 0.0000 0.0 0.0 
0.1702 0.4050 20.3360 0.0000 0.0 0.0 
0.0008 0.4050 20.9589 0.0000 0.0 0.0 
0.8264 0.5027 12.7205 0.0000 0.0 0.0 
0.6655 0.5027 13.1810 0.0000 0.0 0.0 
0.3320 0.5027 14.1631 0.0000 0.0 0.0 
0.1604 0.5027 14.6361 0.0000 0.0 0.0 
1.0000 0.6103 7.4808 0.0000 0.0 0.0 
0.8239 0.6103 7.9165 0.0000 0.0 0.0 
0.6552 0.6103 8.3484 0.0000 0.0 0.0 
0.5010 0.6103 8.7238 0.0000 0.0 0.0 
0.3316 0.6103 9.1216 0.0000 0.0 0.0 
0.1615 0.6103 9.5538 0.0000 0.0 0.0 
0.0009 0.6103 9.9678 0.0000 0.0 0.0 
0.4989 0.7067 5.4144 0.0000 0.0 0.0 
1.0000 0.7067 4.3614 0.0000 0.0 0.0 
0.8071 0.7067 4.7763 0.0000 0.0 0.0 
0.6703 0.7067 5.0642 0.0000 0.0 0.0 
0.3437 0.7067 5.7219 0.0000 0.0 0.0 
0.1667 0.7067 6.1263 0.0000 0.0 0.0 
0.0008 0.7067 6.4772 0.0000 0.0 0.0 
0.4947 0.7992 3.1839 0.0000 0.0 0.0 
1.0000 0.7992 2.3430 0.0000 0.0 0.0 
0.8225 0.7992 2.6015 0.0000 0.0 0.0 
0.6703 0.7992 2.8893 0.0000 0.0 0.0 
0.3325 0.7992 3.4740 0.0000 0.0 0.0 
0.1520 0.7992 3.8148 0.0000 0.0 0.0 
0.0009 0.7992 4.0931 0.0000 0.0 0.0 
0.4777 0.9007 1.6746 0.0000 0.0 0.0 
1.0000 0.9007 1.0196 0.0000 0.0 0.0 
0.8419 0.9007 1.2204 0.0000 0.0 0.0 
0.6626 0.9007 1.4712 0.0000 0.0 0.0 
0.3387 0.9007 1.8917 0.0000 0.0 0.0 
0.1530 0.9007 2.1651 0.0000 0.0 0.0 
0.0005 0.9007 2.3898 0.0000 0.0 0.0 
0.1705 0.9995 1.2078 0.0000 0.0 0.0 
0.3246 0.9995 1.0145 0.0000 0.0 0.0 
0.6758 0.9995 0.6577 0.0000 0.0 0.0 
  