LENS
{
	LENS_TYPE 	Canon_20x8_DMC.ascii
	CCD_EQUIVALENT	0.666667	inches
	CCD_RATIO	0.750000

	ZOOM_CALIBRATION
	{
		FOV_FORMAT
		{
			Linear_Interpulation
			2:
			0.01  0.99
			0.00  0.00
		}
		OFFSET_FORMAT
		{
			Linear_Interpulation
			2:
			0.01  0.99
			0.00  0.00
		}
	}

	FOCUS_CALIBRATION
	{
		FOV_FORMAT
		{
			Bilinear_Interpulation
			101 11:
#zoom points
			0.990   0.980   0.970   0.961   0.951   0.941   0.931   0.921   0.912   0.902   0.892   0.882   0.872   0.863   0.853   0.843   0.833   0.823   0.814   0.804   0.794   0.784   0.774   0.765   0.755   0.745   0.735   0.725   0.716   0.706   0.696   0.686   0.676   0.667   0.657   0.647   0.637   0.627   0.618   0.608   0.598   0.588   0.578   0.569   0.559   0.549   0.539   0.529   0.520   0.510   0.500   0.490   0.480   0.471   0.461   0.451   0.441   0.431   0.422   0.412   0.402   0.392   0.382   0.373   0.363   0.353   0.343   0.333   0.324   0.314   0.304   0.294   0.284   0.275   0.265   0.255   0.245   0.235   0.226   0.216   0.206   0.196   0.186   0.177   0.167   0.157   0.147   0.137   0.128   0.118   0.108   0.098   0.088   0.079   0.069   0.059   0.049   0.039   0.030   0.020   0.010   
#focus points
			1.000   0.900   0.800   0.700   0.600   0.500   0.400   0.300   0.200   0.100   0.000   
#focus values (distance in milimeters)
			30000	20000	15000	12000	10000	8000	5000	4000	2000	1000	500
#data points
			0.005   0.009   0.015   0.019   0.023   0.029   0.034   0.038   0.042   0.046   0.050   
			0.005   0.010   0.016   0.020   0.024   0.029   0.035   0.039   0.042   0.047   0.051   
			0.007   0.011   0.017   0.021   0.024   0.030   0.036   0.040   0.043   0.048   0.052   
			0.008   0.013   0.019   0.022   0.026   0.032   0.037   0.041   0.045   0.050   0.053   
			0.010   0.015   0.021   0.024   0.028   0.033   0.039   0.043   0.047   0.052   0.056   
			0.012   0.017   0.023   0.025   0.030   0.035   0.041   0.045   0.049   0.054   0.058   
			0.013   0.019   0.025   0.028   0.032   0.038   0.043   0.047   0.051   0.057   0.060   
			0.015   0.021   0.027   0.030   0.034   0.040   0.045   0.049   0.053   0.059   0.063   
			0.018   0.022   0.028   0.033   0.037   0.042   0.048   0.052   0.056   0.062   0.066   
			0.020   0.024   0.030   0.035   0.039   0.045   0.050   0.054   0.059   0.065   0.068   
			0.022   0.027   0.032   0.037   0.041   0.047   0.053   0.057   0.061   0.067   0.071   
			0.025   0.030   0.035   0.040   0.044   0.050   0.056   0.060   0.064   0.070   0.074   
			0.028   0.033   0.038   0.042   0.047   0.053   0.059   0.063   0.067   0.073   0.077   
			0.031   0.035   0.041   0.045   0.050   0.056   0.062   0.066   0.070   0.076   0.080   
			0.034   0.038   0.044   0.048   0.053   0.059   0.065   0.069   0.074   0.079   0.083   
			0.037   0.041   0.047   0.051   0.056   0.062   0.068   0.072   0.077   0.083   0.086   
			0.040   0.044   0.050   0.055   0.059   0.066   0.072   0.076   0.080   0.086   0.090   
			0.044   0.048   0.053   0.058   0.063   0.069   0.075   0.079   0.084   0.090   0.094   
			0.047   0.052   0.057   0.062   0.067   0.073   0.079   0.083   0.088   0.094   0.098   
			0.051   0.056   0.061   0.066   0.070   0.077   0.083   0.087   0.092   0.098   0.102   
			0.054   0.059   0.065   0.070   0.074   0.081   0.087   0.091   0.096   0.103   0.106   
			0.058   0.063   0.069   0.074   0.079   0.085   0.091   0.096   0.100   0.107   0.111   
			0.062   0.067   0.073   0.078   0.083   0.089   0.096   0.100   0.105   0.112   0.115   
			0.066   0.071   0.077   0.082   0.087   0.094   0.100   0.105   0.109   0.116   0.120   
			0.070   0.076   0.081   0.087   0.092   0.098   0.105   0.110   0.114   0.121   0.125   
			0.075   0.080   0.086   0.091   0.096   0.103   0.110   0.115   0.119   0.126   0.130   
			0.080   0.085   0.091   0.096   0.101   0.108   0.115   0.120   0.124   0.132   0.135   
			0.085   0.090   0.096   0.101   0.107   0.114   0.120   0.125   0.130   0.137   0.141   
			0.090   0.095   0.101   0.106   0.112   0.119   0.126   0.130   0.135   0.143   0.147   
			0.095   0.101   0.106   0.112   0.117   0.124   0.131   0.136   0.141   0.148   0.152   
			0.100   0.106   0.112   0.117   0.123   0.130   0.137   0.142   0.147   0.154   0.158   
			0.106   0.112   0.118   0.123   0.129   0.136   0.143   0.148   0.153   0.161   0.165   
			0.112   0.118   0.124   0.129   0.135   0.142   0.150   0.154   0.159   0.167   0.171   
			0.117   0.123   0.129   0.135   0.141   0.148   0.156   0.161   0.166   0.173   0.178   
			0.124   0.130   0.136   0.142   0.147   0.155   0.162   0.167   0.172   0.180   0.184   
			0.130   0.136   0.142   0.148   0.154   0.161   0.169   0.174   0.179   0.187   0.191   
			0.136   0.142   0.149   0.155   0.160   0.168   0.176   0.181   0.185   0.193   0.198   
			0.143   0.149   0.155   0.161   0.167   0.175   0.183   0.187   0.192   0.200   0.205   
			0.149   0.156   0.162   0.168   0.174   0.182   0.190   0.194   0.199   0.208   0.212   
			0.156   0.163   0.169   0.176   0.181   0.189   0.197   0.202   0.207   0.215   0.220   
			0.163   0.170   0.176   0.182   0.188   0.196   0.204   0.209   0.214   0.223   0.228   
			0.171   0.177   0.184   0.190   0.196   0.204   0.212   0.217   0.222   0.231   0.236   
			0.178   0.185   0.191   0.198   0.204   0.212   0.220   0.225   0.230   0.239   0.244   
			0.186   0.192   0.199   0.205   0.212   0.220   0.228   0.234   0.239   0.248   0.252   
			0.194   0.200   0.207   0.214   0.220   0.229   0.237   0.242   0.247   0.256   0.261   
			0.202   0.208   0.215   0.222   0.228   0.237   0.246   0.251   0.256   0.265   0.270   
			0.210   0.217   0.224   0.230   0.237   0.245   0.254   0.259   0.264   0.274   0.278   
			0.218   0.225   0.232   0.239   0.245   0.254   0.263   0.268   0.273   0.283   0.287   
			0.227   0.234   0.241   0.247   0.254   0.263   0.272   0.277   0.282   0.292   0.297   
			0.236   0.243   0.250   0.257   0.263   0.272   0.281   0.286   0.292   0.301   0.306   
			0.245   0.252   0.259   0.266   0.272   0.282   0.290   0.296   0.301   0.311   0.315   
			0.254   0.261   0.268   0.275   0.282   0.291   0.300   0.305   0.310   0.320   0.325   
			0.263   0.270   0.277   0.284   0.291   0.301   0.309   0.315   0.320   0.330   0.335   
			0.272   0.280   0.287   0.294   0.301   0.310   0.319   0.324   0.330   0.340   0.345   
			0.281   0.289   0.297   0.304   0.310   0.319   0.328   0.334   0.340   0.351   0.356   
			0.291   0.299   0.306   0.313   0.320   0.330   0.339   0.345   0.350   0.361   0.366   
			0.301   0.308   0.316   0.323   0.330   0.340   0.349   0.355   0.361   0.372   0.377   
			0.310   0.318   0.326   0.333   0.340   0.350   0.360   0.366   0.371   0.382   0.387   
			0.321   0.329   0.336   0.344   0.351   0.361   0.371   0.376   0.382   0.393   0.398   
			0.331   0.339   0.347   0.355   0.362   0.372   0.381   0.387   0.393   0.404   0.409   
			0.341   0.350   0.357   0.365   0.372   0.382   0.392   0.398   0.404   0.415   0.420   
			0.352   0.361   0.368   0.376   0.384   0.394   0.403   0.409   0.415   0.427   0.432   
			0.364   0.372   0.379   0.387   0.395   0.405   0.415   0.421   0.427   0.438   0.443   
			0.374   0.382   0.390   0.398   0.406   0.416   0.426   0.432   0.438   0.449   0.454   
			0.384   0.393   0.402   0.409   0.417   0.427   0.437   0.443   0.449   0.460   0.465   
			0.395   0.404   0.412   0.420   0.428   0.438   0.448   0.454   0.460   0.471   0.477   
			0.407   0.416   0.424   0.432   0.439   0.450   0.459   0.465   0.471   0.483   0.488   
			0.418   0.427   0.435   0.443   0.450   0.461   0.471   0.477   0.483   0.494   0.500   
			0.429   0.438   0.446   0.454   0.462   0.472   0.482   0.488   0.494   0.506   0.512   
			0.441   0.449   0.457   0.465   0.473   0.484   0.494   0.500   0.506   0.518   0.523   
			0.451   0.460   0.469   0.476   0.485   0.495   0.505   0.512   0.518   0.531   0.536   
			0.463   0.472   0.480   0.488   0.496   0.507   0.517   0.524   0.530   0.543   0.549   
			0.474   0.484   0.492   0.500   0.508   0.519   0.530   0.536   0.543   0.555   0.561   
			0.486   0.495   0.503   0.511   0.520   0.531   0.542   0.549   0.555   0.568   0.574   
			0.497   0.507   0.515   0.524   0.533   0.544   0.554   0.561   0.568   0.581   0.587   
			0.509   0.519   0.528   0.536   0.545   0.556   0.567   0.574   0.581   0.594   0.599   
			0.521   0.531   0.540   0.548   0.557   0.569   0.580   0.587   0.594   0.607   0.613   
			0.533   0.543   0.552   0.560   0.570   0.582   0.593   0.600   0.607   0.619   0.626   
			0.545   0.555   0.564   0.573   0.582   0.594   0.606   0.613   0.619   0.632   0.638   
			0.557   0.567   0.577   0.585   0.595   0.607   0.618   0.625   0.632   0.645   0.651   
			0.570   0.580   0.589   0.598   0.607   0.619   0.631   0.638   0.645   0.658   0.664   
			0.582   0.592   0.602   0.611   0.620   0.632   0.643   0.651   0.658   0.671   0.676   
			0.595   0.605   0.614   0.623   0.632   0.644   0.656   0.663   0.671   0.683   0.689   
			0.607   0.617   0.627   0.636   0.645   0.657   0.669   0.676   0.683   0.696   0.702   
			0.619   0.629   0.639   0.649   0.658   0.670   0.681   0.689   0.697   0.710   0.715   
			0.631   0.642   0.652   0.661   0.671   0.682   0.694   0.702   0.710   0.723   0.729   
			0.643   0.655   0.665   0.674   0.683   0.695   0.707   0.715   0.725   0.737   0.743   
			0.656   0.667   0.676   0.686   0.696   0.708   0.721   0.730   0.739   0.751   0.755   
			0.668   0.679   0.689   0.699   0.709   0.722   0.735   0.743   0.752   0.763   0.768   
			0.680   0.691   0.702   0.713   0.723   0.736   0.749   0.756   0.765   0.777   0.782   
			0.692   0.704   0.715   0.727   0.737   0.750   0.761   0.769   0.779   0.791   0.797   
			0.704   0.717   0.729   0.740   0.749   0.762   0.774   0.782   0.792   0.805   0.811   
			0.717   0.731   0.743   0.752   0.761   0.774   0.787   0.796   0.807   0.819   0.824   
			0.730   0.745   0.756   0.764   0.773   0.787   0.801   0.811   0.821   0.833   0.838   
			0.744   0.757   0.768   0.776   0.785   0.800   0.815   0.824   0.834   0.846   0.852   
			0.756   0.769   0.780   0.789   0.798   0.814   0.828   0.837   0.847   0.859   0.865   
			0.767   0.781   0.792   0.801   0.812   0.826   0.840   0.849   0.859   0.871   0.878   
			0.779   0.794   0.806   0.815   0.825   0.839   0.852   0.861   0.871   0.884   0.891   
			0.793   0.807   0.820   0.828   0.837   0.851   0.864   0.873   0.884   0.897   0.904   
			0.807   0.822   0.833   0.841   0.850   0.863   0.876   0.885   0.896   0.909   0.915   
			0.823   0.839   0.850   0.857   0.864   0.876   0.889   0.899   0.908   0.922   0.928   
		}

		OFFSET_FORMAT
		{
			Bilinear_Interpulation
			101 11:
#zoom points
			0.990   0.980   0.970   0.961   0.951   0.941   0.931   0.921   0.912   0.902   0.892   0.882   0.872   0.863   0.853   0.843   0.833   0.823   0.814   0.804   0.794   0.784   0.774   0.765   0.755   0.745   0.735   0.725   0.716   0.706   0.696   0.686   0.676   0.667   0.657   0.647   0.637   0.627   0.618   0.608   0.598   0.588   0.578   0.569   0.559   0.549   0.539   0.529   0.520   0.510   0.500   0.490   0.480   0.471   0.461   0.451   0.441   0.431   0.422   0.412   0.402   0.392   0.382   0.373   0.363   0.353   0.343   0.333   0.324   0.314   0.304   0.294   0.284   0.275   0.265   0.255   0.245   0.235   0.226   0.216   0.206   0.196   0.186   0.177   0.167   0.157   0.147   0.137   0.128   0.118   0.108   0.098   0.088   0.079   0.069   0.059   0.049   0.039   0.030   0.020   0.010   
#focus points
			1.000   0.900   0.800   0.700   0.600   0.500   0.400   0.300   0.200   0.100   0.000   
			30000	20000	15000	12000	10000	8000	5000	4000	2000	1000	500
#data points
			-6.234   -4.488   -2.437   -1.744   -1.425   -1.089   -0.827   -0.726   -0.687   -0.602   -0.519   
			-5.877   -4.263   -2.354   -1.710   -1.396   -1.064   -0.805   -0.706   -0.667   -0.583   -0.501   
			-5.293   -3.819   -2.166   -1.631   -1.342   -1.022   -0.770   -0.670   -0.635   -0.552   -0.467   
			-4.628   -3.244   -1.922   -1.532   -1.271   -0.975   -0.741   -0.637   -0.597   -0.516   -0.430   
			-4.017   -2.686   -1.694   -1.433   -1.188   -0.920   -0.713   -0.607   -0.562   -0.479   -0.396   
			-3.520   -2.279   -1.509   -1.334   -1.101   -0.856   -0.676   -0.577   -0.527   -0.441   -0.368   
			-3.076   -2.005   -1.362   -1.223   -1.011   -0.795   -0.638   -0.548   -0.495   -0.407   -0.344   
			-2.572   -1.795   -1.245   -1.100   -0.922   -0.739   -0.602   -0.521   -0.462   -0.377   -0.325   
			-2.151   -1.627   -1.154   -0.997   -0.847   -0.691   -0.570   -0.496   -0.431   -0.352   -0.309   
			-1.867   -1.479   -1.071   -0.921   -0.787   -0.648   -0.539   -0.473   -0.406   -0.332   -0.294   
			-1.666   -1.326   -0.986   -0.856   -0.733   -0.606   -0.508   -0.448   -0.381   -0.313   -0.280   
			-1.478   -1.163   -0.899   -0.797   -0.683   -0.566   -0.478   -0.423   -0.358   -0.298   -0.267   
			-1.282   -1.042   -0.827   -0.742   -0.638   -0.529   -0.448   -0.399   -0.338   -0.285   -0.258   
			-1.129   -0.970   -0.776   -0.692   -0.598   -0.497   -0.419   -0.374   -0.320   -0.276   -0.254   
			-1.031   -0.905   -0.733   -0.644   -0.560   -0.467   -0.393   -0.352   -0.305   -0.268   -0.248   
			-0.941   -0.829   -0.685   -0.594   -0.521   -0.439   -0.369   -0.332   -0.291   -0.257   -0.235   
			-0.846   -0.751   -0.632   -0.546   -0.483   -0.410   -0.346   -0.313   -0.278   -0.242   -0.219   
			-0.756   -0.676   -0.577   -0.499   -0.447   -0.384   -0.327   -0.294   -0.263   -0.226   -0.203   
			-0.681   -0.609   -0.523   -0.455   -0.412   -0.359   -0.307   -0.275   -0.245   -0.210   -0.188   
			-0.624   -0.555   -0.478   -0.419   -0.382   -0.334   -0.286   -0.256   -0.228   -0.195   -0.175   
			-0.580   -0.509   -0.440   -0.389   -0.354   -0.310   -0.266   -0.238   -0.212   -0.181   -0.162   
			-0.539   -0.470   -0.409   -0.363   -0.330   -0.288   -0.247   -0.221   -0.196   -0.167   -0.150   
			-0.501   -0.437   -0.383   -0.342   -0.308   -0.268   -0.229   -0.204   -0.181   -0.154   -0.138   
			-0.462   -0.406   -0.357   -0.318   -0.286   -0.247   -0.211   -0.188   -0.167   -0.142   -0.127   
			-0.427   -0.375   -0.330   -0.294   -0.265   -0.228   -0.194   -0.173   -0.153   -0.131   -0.117   
			-0.392   -0.347   -0.305   -0.271   -0.244   -0.210   -0.178   -0.158   -0.141   -0.119   -0.106   
			-0.359   -0.319   -0.281   -0.249   -0.225   -0.194   -0.164   -0.146   -0.129   -0.108   -0.096   
			-0.330   -0.294   -0.259   -0.229   -0.206   -0.178   -0.151   -0.134   -0.118   -0.097   -0.086   
			-0.303   -0.270   -0.237   -0.210   -0.189   -0.163   -0.138   -0.122   -0.106   -0.087   -0.076   
			-0.279   -0.247   -0.217   -0.193   -0.172   -0.147   -0.124   -0.110   -0.095   -0.077   -0.066   
			-0.255   -0.226   -0.199   -0.177   -0.157   -0.134   -0.112   -0.098   -0.084   -0.067   -0.057   
			-0.233   -0.206   -0.182   -0.161   -0.143   -0.121   -0.100   -0.086   -0.073   -0.057   -0.048   
			-0.211   -0.188   -0.165   -0.145   -0.128   -0.108   -0.088   -0.075   -0.064   -0.048   -0.039   
			-0.192   -0.171   -0.150   -0.131   -0.115   -0.095   -0.077   -0.065   -0.054   -0.040   -0.032   
			-0.175   -0.155   -0.135   -0.117   -0.102   -0.084   -0.066   -0.055   -0.045   -0.034   -0.028   
			-0.159   -0.140   -0.121   -0.104   -0.090   -0.073   -0.057   -0.047   -0.038   -0.028   -0.023   
			-0.143   -0.126   -0.108   -0.092   -0.079   -0.062   -0.048   -0.041   -0.033   -0.023   -0.017   
			-0.128   -0.112   -0.095   -0.080   -0.068   -0.054   -0.042   -0.035   -0.028   -0.017   -0.010   
			-0.114   -0.098   -0.082   -0.069   -0.058   -0.047   -0.036   -0.029   -0.021   -0.009   -0.003   
			-0.100   -0.085   -0.071   -0.059   -0.051   -0.040   -0.029   -0.021   -0.014   -0.002    0.004   
			-0.088   -0.074   -0.062   -0.052   -0.044   -0.032   -0.021   -0.014   -0.006    0.005    0.011   
			-0.076   -0.065   -0.054   -0.045   -0.036   -0.024   -0.013   -0.006    0.001    0.011    0.017   
			-0.066   -0.057   -0.046   -0.037   -0.028   -0.017   -0.006    0.001    0.008    0.017    0.025   
			-0.058   -0.049   -0.038   -0.028   -0.020   -0.009    0.002    0.008    0.014    0.023    0.031   
			-0.049   -0.040   -0.029   -0.020   -0.012   -0.001    0.010    0.016    0.021    0.028    0.036   
			-0.041   -0.031   -0.021   -0.012   -0.004    0.007    0.017    0.024    0.028    0.034    0.039   
			-0.032   -0.022   -0.013   -0.005    0.003    0.013    0.023    0.029    0.033    0.039    0.043   
			-0.023   -0.014   -0.005    0.001    0.008    0.018    0.027    0.033    0.037    0.044    0.047   
			-0.014   -0.005    0.003    0.007    0.014    0.023    0.031    0.036    0.041    0.048    0.052   
			-0.004    0.002    0.010    0.014    0.021    0.029    0.037    0.041    0.045    0.052    0.055   
			 0.005    0.009    0.016    0.021    0.027    0.035    0.042    0.045    0.049    0.055    0.058   
			 0.012    0.015    0.021    0.027    0.033    0.040    0.046    0.049    0.053    0.059    0.062   
			 0.017    0.021    0.027    0.033    0.039    0.044    0.049    0.053    0.057    0.063    0.066   
			 0.021    0.026    0.032    0.039    0.043    0.047    0.051    0.056    0.061    0.068    0.071   
			 0.026    0.032    0.037    0.043    0.046    0.050    0.055    0.060    0.065    0.072    0.075   
			 0.031    0.037    0.041    0.045    0.049    0.055    0.061    0.065    0.069    0.076    0.079   
			 0.036    0.041    0.045    0.049    0.053    0.060    0.066    0.070    0.074    0.080    0.083   
			 0.040    0.045    0.049    0.054    0.058    0.065    0.071    0.074    0.078    0.084    0.087   
			 0.045    0.050    0.055    0.060    0.064    0.069    0.075    0.078    0.082    0.088    0.091   
			 0.049    0.054    0.060    0.065    0.069    0.074    0.079    0.082    0.086    0.091    0.094   
			 0.055    0.059    0.064    0.069    0.073    0.078    0.083    0.086    0.090    0.095    0.098   
			 0.060    0.064    0.068    0.074    0.077    0.082    0.087    0.090    0.094    0.099    0.101   
			 0.065    0.069    0.073    0.078    0.081    0.086    0.091    0.094    0.097    0.101    0.103   
			 0.068    0.073    0.077    0.082    0.085    0.090    0.095    0.097    0.100    0.103    0.104   
			 0.072    0.077    0.081    0.086    0.089    0.093    0.097    0.098    0.100    0.103    0.104   
			 0.076    0.081    0.085    0.090    0.092    0.095    0.098    0.099    0.101    0.104    0.106   
			 0.081    0.085    0.089    0.093    0.095    0.097    0.098    0.100    0.102    0.106    0.108   
			 0.085    0.089    0.092    0.095    0.096    0.098    0.100    0.102    0.104    0.107    0.109   
			 0.088    0.091    0.094    0.096    0.097    0.100    0.103    0.104    0.106    0.109    0.111   
			 0.091    0.093    0.095    0.097    0.098    0.101    0.104    0.105    0.107    0.111    0.114   
			 0.092    0.094    0.096    0.098    0.100    0.102    0.104    0.107    0.109    0.114    0.118   
			 0.093    0.095    0.097    0.100    0.102    0.104    0.107    0.110    0.113    0.118    0.121   
			 0.094    0.097    0.100    0.102    0.104    0.107    0.111    0.114    0.116    0.121    0.125   
			 0.096    0.098    0.101    0.104    0.106    0.110    0.114    0.117    0.120    0.125    0.128   
			 0.098    0.100    0.103    0.106    0.110    0.114    0.118    0.121    0.124    0.129    0.132   
			 0.100    0.102    0.106    0.110    0.113    0.117    0.121    0.125    0.128    0.132    0.135   
			 0.103    0.106    0.109    0.113    0.116    0.120    0.125    0.128    0.131    0.135    0.137   
			 0.107    0.109    0.113    0.116    0.120    0.124    0.128    0.131    0.134    0.138    0.139   
			 0.110    0.112    0.116    0.120    0.123    0.127    0.131    0.134    0.137    0.140    0.140   
			 0.112    0.116    0.119    0.123    0.126    0.130    0.134    0.137    0.141    0.142    0.142   
			 0.116    0.119    0.122    0.126    0.129    0.133    0.136    0.140    0.144    0.145    0.145   
			 0.119    0.122    0.126    0.129    0.132    0.135    0.138    0.142    0.148    0.148    0.147   
			 0.123    0.126    0.129    0.133    0.135    0.138    0.140    0.145    0.151    0.150    0.149   
			 0.126    0.129    0.133    0.137    0.139    0.141    0.143    0.148    0.154    0.153    0.152   
			 0.128    0.132    0.136    0.141    0.144    0.145    0.147    0.150    0.157    0.157    0.156   
			 0.131    0.136    0.140    0.145    0.147    0.148    0.150    0.154    0.162    0.163    0.161   
			 0.134    0.140    0.144    0.149    0.150    0.152    0.154    0.161    0.172    0.169    0.166   
			 0.137    0.143    0.147    0.152    0.154    0.158    0.163    0.169    0.181    0.174    0.170   
			 0.140    0.146    0.151    0.156    0.159    0.166    0.172    0.175    0.185    0.178    0.174   
			 0.143    0.149    0.155    0.163    0.168    0.173    0.177    0.179    0.189    0.183    0.180   
			 0.146    0.154    0.163    0.172    0.176    0.179    0.181    0.183    0.193    0.189    0.187   
			 0.151    0.162    0.173    0.180    0.180    0.182    0.184    0.188    0.199    0.198    0.195   
			 0.157    0.173    0.183    0.184    0.181    0.184    0.189    0.196    0.211    0.206    0.202   
			 0.165    0.181    0.187    0.186    0.183    0.189    0.198    0.205    0.221    0.213    0.209   
			 0.171    0.186    0.190    0.187    0.186    0.196    0.207    0.212    0.224    0.217    0.214   
			 0.176    0.188    0.192    0.191    0.191    0.201    0.211    0.215    0.226    0.220    0.219   
			 0.179    0.191    0.196    0.197    0.198    0.206    0.213    0.217    0.229    0.224    0.225   
			 0.183    0.196    0.205    0.204    0.204    0.209    0.215    0.220    0.231    0.228    0.229   
			 0.187    0.203    0.215    0.210    0.208    0.212    0.218    0.223    0.234    0.232    0.233   
			 0.192    0.208    0.219    0.213    0.212    0.216    0.221    0.226    0.236    0.235    0.235   
			 0.196    0.210    0.220    0.214    0.214    0.218    0.223    0.227    0.237    0.236    0.235   
		}
	}
}
