newLensFormat14
fullLensType Canon_20x8_DMC.ascii
disToTarget 0.000000
focusPointes 10
zoomPointes 10
lensWideVal 10.000000
lensFactorVal 10.000000
numberOfPointes 100 4 
0.0000 0.0000 53.1705 -23.5000 0.0000 0.0000
0.1111 0.0000 52.7376 -23.6111 0.0000 0.0000
0.2222 0.0000 51.9100 -23.4778 0.0000 0.0000
0.3333 0.0000 51.3179 -22.5667 0.0000 0.0000
0.4444 0.0000 50.6049 -22.0778 0.0000 0.0000
0.5556 0.0000 49.8091 -21.5778 0.0000 0.0000
0.6667 0.0000 49.2362 -21.4000 0.0000 0.0000
0.7778 0.0000 48.7905 -21.8667 0.0000 0.0000
0.8889 0.0000 48.1412 -21.1111 0.0000 0.0000
1.0000 0.0000 47.1544 -19.6000 0.0000 0.0000
0.0000 0.1111 44.7340 -17.9467 0.0000 0.0000
0.1111 0.1111 44.3717 -18.3232 0.0000 0.0000
0.2222 0.1111 43.6505 -18.6422 0.0000 0.0000
0.3333 0.1111 43.1140 -17.7948 0.0000 0.0000
0.4444 0.1111 42.5122 -17.4699 0.0000 0.0000
0.5556 0.1111 41.6846 -16.9501 0.0000 0.0000
0.6667 0.1111 40.9716 -16.3985 0.0000 0.0000
0.7778 0.1111 40.2944 -15.6363 0.0000 0.0000
0.8889 0.1111 39.5997 -14.9390 0.0000 0.0000
1.0000 0.1111 38.9000 -14.2733 0.0000 0.0000
0.0000 0.2222 36.4189 -13.9802 0.0000 0.0000
0.1111 0.2222 35.9823 -13.9250 0.0000 0.0000
0.2222 0.2222 35.2514 -13.5741 0.0000 0.0000
0.3333 0.2222 34.8415 -13.2407 0.0000 0.0000
0.4444 0.2222 34.2736 -12.8630 0.0000 0.0000
0.5556 0.2222 33.5159 -12.4185 0.0000 0.0000
0.6667 0.2222 32.8590 -12.0276 0.0000 0.0000
0.7778 0.2222 32.2911 -11.6252 0.0000 0.0000
0.8889 0.2222 31.7206 -11.1852 0.0000 0.0000
1.0000 0.2222 31.0904 -10.9407 0.0000 0.0000
0.0000 0.3333 28.3958 -10.8633 0.0000 0.0000
0.1111 0.3333 28.0007 -10.6259 0.0000 0.0000
0.2222 0.3333 27.3454 -10.2822 0.0000 0.0000
0.3333 0.3333 26.9634 -10.0600 0.0000 0.0000
0.4444 0.3333 26.4889 -9.8541 0.0000 0.0000
0.5556 0.3333 25.8321 -9.6522 0.0000 0.0000
0.6667 0.3333 25.2846 -9.4722 0.0000 0.0000
0.7778 0.3333 24.7944 -9.1648 0.0000 0.0000
0.8889 0.3333 24.2851 -8.7907 0.0000 0.0000
1.0000 0.3333 23.7185 -8.3533 0.0000 0.0000
0.0000 0.4444 21.3134 -8.1178 0.0000 0.0000
0.1111 0.4444 20.9569 -7.7460 0.0000 0.0000
0.2222 0.4444 20.3261 -7.0833 0.0000 0.0000
0.3333 0.4444 19.9644 -6.6389 0.0000 0.0000
0.4444 0.4444 19.5060 -6.1056 0.0000 0.0000
0.5556 0.4444 18.9012 -5.4086 0.0000 0.0000
0.6667 0.4444 18.3792 -4.8511 0.0000 0.0000
0.7778 0.4444 17.9336 -4.4067 0.0000 0.0000
0.8889 0.4444 17.4602 -3.9622 0.0000 0.0000
1.0000 0.4444 16.9850 -3.3722 0.0000 0.0000
0.0000 0.5556 15.1891 -3.7367 0.0000 0.0000
0.1111 0.5556 14.8453 -3.0006 0.0000 0.0000
0.2222 0.5556 14.3233 -2.3179 0.0000 0.0000
0.3333 0.5556 14.0050 -1.7493 0.0000 0.0000
0.4444 0.5556 13.5987 -0.8502 0.0000 0.0000
0.5556 0.5556 13.0431 0.3467 0.0000 0.0000
0.6667 0.5556 12.5847 1.3689 0.0000 0.0000
0.7778 0.5556 12.1582 2.3356 0.0000 0.0000
0.8889 0.5556 11.7125 3.4728 0.0000 0.0000
1.0000 0.5556 11.3242 4.5356 0.0000 0.0000
0.0000 0.6667 10.3247 3.0533 0.0000 0.0000
0.1111 0.6667 10.0123 3.9233 0.0000 0.0000
0.2222 0.6667 9.5735 5.3063 0.0000 0.0000
0.3333 0.6667 9.2552 6.5211 0.0000 0.0000
0.4444 0.6667 8.8698 8.0967 0.0000 0.0000
0.5556 0.6667 8.3923 10.1670 0.0000 0.0000
0.6667 0.6667 7.9896 12.0656 0.0000 0.0000
0.7778 0.6667 7.6146 14.0359 0.0000 0.0000
0.8889 0.6667 7.2326 16.2841 0.0000 0.0000
1.0000 0.6667 6.8507 18.5767 0.0000 0.0000
0.0000 0.7778 6.6456 13.5827 0.0000 0.0000
0.1111 0.7778 6.4178 15.4586 0.0000 0.0000
0.2222 0.7778 6.0002 18.3258 0.0000 0.0000
0.3333 0.7778 5.7060 20.9041 0.0000 0.0000
0.4444 0.7778 5.3724 24.2514 0.0000 0.0000
0.5556 0.7778 4.9586 28.5964 0.0000 0.0000
0.6667 0.7778 4.6098 32.6058 0.0000 0.0000
0.7778 0.7778 4.2915 36.8841 0.0000 0.0000
0.8889 0.7778 3.9223 42.4986 0.0000 0.0000
1.0000 0.7778 3.5976 49.3296 0.0000 0.0000
0.0000 0.8889 4.2552 26.6200 0.0000 0.0000
0.1111 0.8889 3.9878 30.3442 0.0000 0.0000
0.2222 0.8889 3.6313 37.0588 0.0000 0.0000
0.3333 0.8889 3.3766 43.9022 0.0000 0.0000
0.4444 0.8889 3.0711 51.4168 0.0000 0.0000
0.5556 0.8889 2.6891 62.7316 0.0000 0.0000
0.6667 0.8889 2.3801 75.4407 0.0000 0.0000
0.7778 0.8889 2.0832 87.0269 0.0000 0.0000
0.8889 0.8889 1.7660 112.3395 0.0000 0.0000
1.0000 0.8889 1.4477 146.0578 0.0000 0.0000
0.0000 1.0000 2.8648 51.9000 0.0000 0.0000
0.1111 1.0000 2.6101 61.1444 0.0000 0.0000
0.2222 1.0000 2.3555 69.5667 0.0000 0.0000
0.3333 1.0000 2.1008 75.9667 0.0000 0.0000
0.4444 1.0000 1.8207 94.3444 0.0000 0.0000
0.5556 1.0000 1.4706 127.5667 0.0000 0.0000
0.6667 1.0000 1.1650 163.7667 0.0000 0.0000
0.7778 1.0000 0.9104 228.3000 0.0000 0.0000
0.8889 1.0000 0.5539 426.0112 0.0000 0.0000
1.0000 1.0000 0.2865 623.4000 0.0000 0.0000
