newLensFormat14
fullLensType Fujinon_A17x9
disToTarget 0.000000
focusPointes 10
zoomPointes 10
lensWideVal 10.000000
lensFactorVal 10.000000
numberOfPointes 100 4 
0.0000 0.0000 50.5349 -11.0000 0.0000 0.0000
0.1111 0.0000 50.1720 -10.8600 0.0000 0.0000
0.2222 0.0000 49.4717 -9.5333 0.0000 0.0000
0.3333 0.0000 48.8542 -8.9667 0.0000 0.0000
0.4444 0.0000 47.9884 -9.3289 0.0000 0.0000
0.5556 0.0000 47.7974 -9.4122 0.0000 0.0000
0.6667 0.0000 47.8229 -9.2967 0.0000 0.0000
0.7778 0.0000 46.9380 -8.7089 0.0000 0.0000
0.8889 0.0000 45.5247 -7.9911 0.0000 0.0000
1.0000 0.0000 45.5501 -8.0500 0.0000 0.0000
0.0000 0.1111 42.6612 -8.6940 0.0000 0.0000
0.1111 0.1111 42.2575 -8.4911 0.0000 0.0000
0.2222 0.1111 41.5573 -7.8240 0.0000 0.0000
0.3333 0.1111 40.8795 -7.1124 0.0000 0.0000
0.4444 0.1111 40.2751 -6.5310 0.0000 0.0000
0.5556 0.1111 39.6067 -6.1588 0.0000 0.0000
0.6667 0.1111 38.8461 -5.7203 0.0000 0.0000
0.7778 0.1111 38.2215 -5.1948 0.0000 0.0000
0.8889 0.1111 37.5478 -4.6071 0.0000 0.0000
1.0000 0.1111 36.8947 -4.1227 0.0000 0.0000
0.0000 0.2222 34.3223 -3.2531 0.0000 0.0000
0.1111 0.2222 33.7605 -2.8223 0.0000 0.0000
0.2222 0.2222 33.0780 -2.3738 0.0000 0.0000
0.3333 0.2222 32.4773 -2.0122 0.0000 0.0000
0.4444 0.2222 31.9832 -1.7073 0.0000 0.0000
0.5556 0.2222 31.3910 -1.3939 0.0000 0.0000
0.6667 0.2222 30.7926 -0.9986 0.0000 0.0000
0.7778 0.2222 30.0678 -0.6222 0.0000 0.0000
0.8889 0.2222 29.5024 -0.3659 0.0000 0.0000
1.0000 0.2222 29.0391 -0.1627 0.0000 0.0000
0.0000 0.3333 26.7972 -0.3181 0.0000 0.0000
0.1111 0.3333 26.2693 -0.0240 0.0000 0.0000
0.2222 0.3333 25.7693 0.2813 0.0000 0.0000
0.3333 0.3333 25.2082 0.5176 0.0000 0.0000
0.4444 0.3333 24.6607 0.8605 0.0000 0.0000
0.5556 0.3333 24.1546 1.1892 0.0000 0.0000
0.6667 0.3333 23.5957 1.5234 0.0000 0.0000
0.7778 0.3333 23.0113 1.9146 0.0000 0.0000
0.8889 0.3333 22.3538 2.2781 0.0000 0.0000
1.0000 0.3333 21.9271 2.4763 0.0000 0.0000
0.0000 0.4444 20.0268 2.7641 0.0000 0.0000
0.1111 0.4444 19.5391 3.2260 0.0000 0.0000
0.2222 0.4444 19.0586 3.6266 0.0000 0.0000
0.3333 0.4444 18.6432 3.9845 0.0000 0.0000
0.4444 0.4444 18.1258 4.3940 0.0000 0.0000
0.5556 0.4444 17.5992 4.8692 0.0000 0.0000
0.6667 0.4444 17.1015 5.3594 0.0000 0.0000
0.7778 0.4444 16.6447 5.7930 0.0000 0.0000
0.8889 0.4444 16.1272 6.3267 0.0000 0.0000
1.0000 0.4444 15.5787 6.9578 0.0000 0.0000
0.0000 0.5556 14.1368 6.6852 0.0000 0.0000
0.1111 0.5556 13.8035 7.1760 0.0000 0.0000
0.2222 0.5556 13.3880 7.7603 0.0000 0.0000
0.3333 0.5556 12.9754 8.5016 0.0000 0.0000
0.4444 0.5556 12.4962 9.2670 0.0000 0.0000
0.5556 0.5556 12.0216 10.0361 0.0000 0.0000
0.6667 0.5556 11.6211 10.8296 0.0000 0.0000
0.7778 0.5556 11.1841 11.7033 0.0000 0.0000
0.8889 0.5556 10.7662 12.5922 0.0000 0.0000
1.0000 0.5556 10.3553 13.6267 0.0000 0.0000
0.0000 0.6667 9.8453 11.5267 0.0000 0.0000
0.1111 0.6667 9.5230 12.3604 0.0000 0.0000
0.2222 0.6667 9.1597 13.4893 0.0000 0.0000
0.3333 0.6667 8.7656 14.8400 0.0000 0.0000
0.4444 0.6667 8.3849 16.0778 0.0000 0.0000
0.5556 0.6667 8.0348 17.3704 0.0000 0.0000
0.6667 0.6667 7.5904 19.1956 0.0000 0.0000
0.7778 0.6667 7.1446 21.1226 0.0000 0.0000
0.8889 0.6667 6.7855 22.9752 0.0000 0.0000
1.0000 0.6667 6.5222 24.4967 0.0000 0.0000
0.0000 0.7778 6.7489 18.2617 0.0000 0.0000
0.1111 0.7778 6.4406 19.9336 0.0000 0.0000
0.2222 0.7778 6.0995 22.3339 0.0000 0.0000
0.3333 0.7778 5.7466 24.8564 0.0000 0.0000
0.4444 0.7778 5.4496 27.0210 0.0000 0.0000
0.5556 0.7778 5.1218 29.8770 0.0000 0.0000
0.6667 0.7778 4.7476 33.5584 0.0000 0.0000
0.7778 0.7778 4.3705 37.1712 0.0000 0.0000
0.8889 0.7778 4.0716 41.4735 0.0000 0.0000
1.0000 0.7778 3.8039 45.6062 0.0000 0.0000
0.0000 0.8889 4.5912 28.8022 0.0000 0.0000
0.1111 0.8889 4.3742 31.1877 0.0000 0.0000
0.2222 0.8889 4.0708 34.9047 0.0000 0.0000
0.3333 0.8889 3.7804 38.8200 0.0000 0.0000
0.4444 0.8889 3.4901 42.2304 0.0000 0.0000
0.5556 0.8889 3.1992 46.1205 0.0000 0.0000
0.6667 0.8889 2.9509 51.6711 0.0000 0.0000
0.7778 0.8889 2.6586 58.4148 0.0000 0.0000
0.8889 0.8889 2.3345 71.3669 0.0000 0.0000
1.0000 0.8889 2.0838 84.6089 0.0000 0.0000
0.0000 1.0000 3.3919 36.2000 0.0000 0.0000
0.1111 1.0000 3.1806 39.1000 0.0000 0.0000
0.2222 1.0000 2.9157 43.2111 0.0000 0.0000
0.3333 1.0000 2.6795 48.0667 0.0000 0.0000
0.4444 1.0000 2.3676 58.6444 0.0000 0.0000
0.5556 1.0000 2.0875 74.4222 0.0000 0.0000
0.6667 1.0000 1.9232 76.9333 0.0000 0.0000
0.7778 1.0000 1.9665 56.5222 0.0000 0.0000
0.8889 1.0000 1.7844 66.9222 0.0000 0.0000
1.0000 1.0000 1.5699 85.2000 0.0000 0.0000
