newLensFormat14
fullLensType final_new_canon
disToTarget 0.000000
focusPointes 10
zoomPointes 10
lensWideVal 10.000000
lensFactorVal 10.000000
numberOfPointes 100 4 
0.0000 0.0000 42.4562 -4.2000 0.0000 0.0000
0.1111 0.0000 43.1628 -5.1778 0.0000 0.0000
0.2222 0.0000 43.8631 -5.6000 0.0000 0.0000
0.3333 0.0000 44.3087 -4.5667 0.0000 0.0000
0.4444 0.0000 44.9326 -4.6111 0.0000 0.0000
0.5556 0.0000 45.6011 -4.9444 0.0000 0.0000
0.6667 0.0000 46.1613 -4.4333 0.0000 0.0000
0.7778 0.0000 46.9762 -5.6444 0.0000 0.0000
0.8889 0.0000 47.8165 -6.8889 0.0000 0.0000
1.0000 0.0000 48.0712 -5.4000 0.0000 0.0000
0.0000 0.1111 35.5820 -1.5644 0.0000 0.0000
0.1111 0.1111 36.2071 -2.3365 0.0000 0.0000
0.2222 0.1111 36.7801 -2.2314 0.0000 0.0000
0.3333 0.1111 37.3912 -2.2859 0.0000 0.0000
0.4444 0.1111 38.1679 -3.2756 0.0000 0.0000
0.5556 0.1111 38.9318 -4.2756 0.0000 0.0000
0.6667 0.1111 39.4539 -3.7644 0.0000 0.0000
0.7778 0.1111 40.0332 -3.7756 0.0000 0.0000
0.8889 0.1111 40.8271 -5.3756 0.0000 0.0000
1.0000 0.1111 41.3688 -5.2822 0.0000 0.0000
0.0000 0.2222 28.2942 1.9198 0.0000 0.0000
0.1111 0.2222 28.8723 1.1908 0.0000 0.0000
0.2222 0.2222 29.4734 0.9859 0.0000 0.0000
0.3333 0.2222 30.0209 0.8992 0.0000 0.0000
0.4444 0.2222 30.6830 0.1752 0.0000 0.0000
0.5556 0.2222 31.3259 -0.3804 0.0000 0.0000
0.6667 0.2222 31.8963 -0.3140 0.0000 0.0000
0.7778 0.2222 32.4655 -0.2561 0.0000 0.0000
0.8889 0.2222 33.0384 -0.7225 0.0000 0.0000
1.0000 0.2222 33.6114 -1.1407 0.0000 0.0000
0.0000 0.3333 21.2548 4.9833 0.0000 0.0000
0.1111 0.3333 21.7342 4.2656 0.0000 0.0000
0.2222 0.3333 22.2898 3.9322 0.0000 0.0000
0.3333 0.3333 22.8018 3.8556 0.0000 0.0000
0.4444 0.3333 23.3909 3.2356 0.0000 0.0000
0.5556 0.3333 23.9840 2.6448 0.0000 0.0000
0.6667 0.3333 24.5570 2.1678 0.0000 0.0000
0.7778 0.3333 25.1017 1.8259 0.0000 0.0000
0.8889 0.3333 25.6666 1.2963 0.0000 0.0000
1.0000 0.3333 26.1040 1.4100 0.0000 0.0000
0.0000 0.4444 14.7193 11.8822 0.0000 0.0000
0.1111 0.4444 15.1713 10.7379 0.0000 0.0000
0.2222 0.4444 15.6748 9.9986 0.0000 0.0000
0.3333 0.4444 16.1447 9.8611 0.0000 0.0000
0.4444 0.4444 16.6412 9.1056 0.0000 0.0000
0.5556 0.4444 17.1824 8.0500 0.0000 0.0000
0.6667 0.4444 17.7299 7.2219 0.0000 0.0000
0.7778 0.4444 18.2583 6.2967 0.0000 0.0000
0.8889 0.4444 18.7676 5.4967 0.0000 0.0000
1.0000 0.4444 19.1934 5.3733 0.0000 0.0000
0.0000 0.5556 9.4907 18.5900 0.0000 0.0000
0.1111 0.5556 9.9068 16.4973 0.0000 0.0000
0.2222 0.5556 10.3189 15.7257 0.0000 0.0000
0.3333 0.5556 10.7442 15.0904 0.0000 0.0000
0.4444 0.5556 11.2015 13.9933 0.0000 0.0000
0.5556 0.5556 11.6616 12.8217 0.0000 0.0000
0.6667 0.5556 12.1072 11.7207 0.0000 0.0000
0.7778 0.5556 12.5529 10.9764 0.0000 0.0000
0.8889 0.5556 12.9985 10.0228 0.0000 0.0000
1.0000 0.5556 13.3556 9.6178 0.0000 0.0000
0.0000 0.6667 5.5481 34.0400 0.0000 0.0000
0.1111 0.6667 5.8728 30.9482 0.0000 0.0000
0.2222 0.6667 6.2595 28.0519 0.0000 0.0000
0.3333 0.6667 6.6578 25.3900 0.0000 0.0000
0.4444 0.6667 7.0397 23.3300 0.0000 0.0000
0.5556 0.6667 7.4535 21.0522 0.0000 0.0000
0.6667 0.6667 7.8610 18.5878 0.0000 0.0000
0.7778 0.6667 8.2430 16.7952 0.0000 0.0000
0.8889 0.6667 8.6249 15.4359 0.0000 0.0000
1.0000 0.6667 8.9496 14.3433 0.0000 0.0000
0.0000 0.7778 2.8414 70.5914 0.0000 0.0000
0.1111 0.7778 3.1189 61.4608 0.0000 0.0000
0.2222 0.7778 3.4806 53.3343 0.0000 0.0000
0.3333 0.7778 3.8077 47.0329 0.0000 0.0000
0.4444 0.7778 4.1464 41.1871 0.0000 0.0000
0.5556 0.7778 4.4966 36.0307 0.0000 0.0000
0.6667 0.7778 4.8199 32.6305 0.0000 0.0000
0.7778 0.7778 5.1828 29.2302 0.0000 0.0000
0.8889 0.7778 5.5138 26.2299 0.0000 0.0000
1.0000 0.7778 5.7748 24.2025 0.0000 0.0000
0.0000 0.8889 1.2707 157.7467 0.0000 0.0000
0.1111 0.8889 1.5253 129.7282 0.0000 0.0000
0.2222 0.8889 1.7927 103.9914 0.0000 0.0000
0.3333 0.8889 2.1110 83.4333 0.0000 0.0000
0.4444 0.8889 2.4293 69.5257 0.0000 0.0000
0.5556 0.8889 2.7158 59.9022 0.0000 0.0000
0.6667 0.8889 3.0087 52.3333 0.0000 0.0000
0.7778 0.8889 3.2824 46.2798 0.0000 0.0000
0.8889 0.8889 3.5880 40.9889 0.0000 0.0000
1.0000 0.8889 3.8490 36.3844 0.0000 0.0000
0.0000 1.0000 0.6875 263.9000 0.0000 0.0000
0.1111 1.0000 0.8849 203.3556 0.0000 0.0000
0.2222 1.0000 1.1395 152.5333 0.0000 0.0000
0.3333 1.0000 1.3942 122.1000 0.0000 0.0000
0.4444 1.0000 1.6743 98.2778 0.0000 0.0000
0.5556 1.0000 1.9608 80.5556 0.0000 0.0000
0.6667 1.0000 2.2154 67.6667 0.0000 0.0000
0.7778 1.0000 2.4701 57.9000 0.0000 0.0000
0.8889 1.0000 2.7757 49.8778 0.0000 0.0000
1.0000 1.0000 2.9794 43.5000 0.0000 0.0000
