newLensFormat14
fullLensType Canon21x7
disToTarget 0.000000
focusPointes 10
zoomPointes 10
lensWideVal 10.000000
lensFactorVal 10.000000
numberOfPointes 100 4 
0.0000 0.0000 57.4104 -34.0000 0.0000 0.0000
0.1111 0.0000 57.7414 -33.9000 0.0000 0.0000
0.2222 0.0000 58.1743 -33.9222 0.0000 0.0000
0.3333 0.0000 58.5372 -33.9667 0.0000 0.0000
0.4444 0.0000 58.8810 -33.9000 0.0000 0.0000
0.5556 0.0000 59.3266 -33.9556 0.0000 0.0000
0.6667 0.0000 59.7595 -33.9333 0.0000 0.0000
0.7778 0.0000 60.0969 -33.8222 0.0000 0.0000
0.8889 0.0000 60.5171 -33.8889 0.0000 0.0000
1.0000 0.0000 60.9054 -33.9000 0.0000 0.0000
0.0000 0.1111 52.0309 -32.9000 0.0000 0.0000
0.1111 0.1111 52.2919 -33.1222 0.0000 0.0000
0.2222 0.1111 52.5975 -33.3242 0.0000 0.0000
0.3333 0.1111 52.8713 -33.4756 0.0000 0.0000
0.4444 0.1111 53.2150 -33.6533 0.0000 0.0000
0.5556 0.1111 53.5652 -33.8200 0.0000 0.0000
0.6667 0.1111 53.9217 -34.0422 0.0000 0.0000
0.7778 0.1111 54.3443 -34.3353 0.0000 0.0000
0.8889 0.1111 54.7842 -34.6509 0.0000 0.0000
1.0000 0.1111 55.1147 -34.7822 0.0000 0.0000
0.0000 0.2222 45.0019 -30.5407 0.0000 0.0000
0.1111 0.2222 45.1407 -30.7630 0.0000 0.0000
0.2222 0.2222 45.3751 -30.9852 0.0000 0.0000
0.3333 0.2222 45.5940 -31.2074 0.0000 0.0000
0.4444 0.2222 45.8436 -31.4653 0.0000 0.0000
0.5556 0.2222 46.0920 -31.7321 0.0000 0.0000
0.6667 0.2222 46.3466 -31.9543 0.0000 0.0000
0.7778 0.2222 46.6370 -32.2543 0.0000 0.0000
0.8889 0.2222 46.9428 -32.4988 0.0000 0.0000
1.0000 0.2222 47.2025 -32.7210 0.0000 0.0000
0.0000 0.3333 37.2556 -29.5633 0.0000 0.0000
0.1111 0.3333 37.3193 -29.6856 0.0000 0.0000
0.2222 0.3333 37.3829 -29.9078 0.0000 0.0000
0.3333 0.3333 37.4657 -30.1300 0.0000 0.0000
0.4444 0.3333 37.5676 -30.3522 0.0000 0.0000
0.5556 0.3333 37.6631 -30.5189 0.0000 0.0000
0.6667 0.3333 37.7904 -30.6967 0.0000 0.0000
0.7778 0.3333 37.9014 -30.9189 0.0000 0.0000
0.8889 0.3333 38.0563 -31.0848 0.0000 0.0000
1.0000 0.3333 38.1876 -31.2633 0.0000 0.0000
0.0000 0.4444 29.1680 -28.1089 0.0000 0.0000
0.1111 0.4444 29.1014 -28.2795 0.0000 0.0000
0.2222 0.4444 29.0146 -28.4533 0.0000 0.0000
0.3333 0.4444 28.9596 -28.6756 0.0000 0.0000
0.4444 0.4444 28.9272 -28.8775 0.0000 0.0000
0.5556 0.4444 28.9127 -29.0442 0.0000 0.0000
0.6667 0.4444 28.8745 -29.2422 0.0000 0.0000
0.7778 0.4444 28.8757 -29.4999 0.0000 0.0000
0.8889 0.4444 28.8815 -29.7322 0.0000 0.0000
1.0000 0.4444 28.8866 -29.9089 0.0000 0.0000
0.0000 0.5556 21.4293 -25.3911 0.0000 0.0000
0.1111 0.5556 21.2724 -25.6194 0.0000 0.0000
0.2222 0.5556 21.1104 -25.9001 0.0000 0.0000
0.3333 0.5556 20.9501 -26.1759 0.0000 0.0000
0.4444 0.5556 20.7915 -26.4547 0.0000 0.0000
0.5556 0.5556 20.6469 -26.7022 0.0000 0.0000
0.6667 0.5556 20.4987 -26.8881 0.0000 0.0000
0.7778 0.5556 20.3610 -27.0922 0.0000 0.0000
0.8889 0.5556 20.2382 -27.3144 0.0000 0.0000
1.0000 0.5556 20.1376 -27.4278 0.0000 0.0000
0.0000 0.6667 14.7842 -20.7567 0.0000 0.0000
0.1111 0.6667 14.5635 -20.6526 0.0000 0.0000
0.2222 0.6667 14.2949 -20.6200 0.0000 0.0000
0.3333 0.6667 14.0566 -20.6411 0.0000 0.0000
0.4444 0.6667 13.8019 -20.7559 0.0000 0.0000
0.5556 0.6667 13.5674 -20.9022 0.0000 0.0000
0.6667 0.6667 13.3429 -21.0133 0.0000 0.0000
0.7778 0.6667 13.1235 -21.0752 0.0000 0.0000
0.8889 0.6667 12.8956 -21.0596 0.0000 0.0000
1.0000 0.6667 12.7006 -21.0933 0.0000 0.0000
0.0000 0.7778 9.5330 -12.5975 0.0000 0.0000
0.1111 0.7778 9.2720 -12.1509 0.0000 0.0000
0.2222 0.7778 8.9664 -11.6889 0.0000 0.0000
0.3333 0.7778 8.6927 -11.2510 0.0000 0.0000
0.4444 0.7778 8.3998 -10.7484 0.0000 0.0000
0.5556 0.7778 8.1134 -10.0701 0.0000 0.0000
0.6667 0.7778 7.8026 -9.2564 0.0000 0.0000
0.7778 0.7778 7.5238 -8.2646 0.0000 0.0000
0.8889 0.7778 7.2157 -7.2018 0.0000 0.0000
1.0000 0.7778 6.9660 -6.4148 0.0000 0.0000
0.0000 0.8889 5.8123 0.3933 0.0000 0.0000
0.1111 0.8889 5.5513 1.7815 0.0000 0.0000
0.2222 0.8889 5.2446 3.7519 0.0000 0.0000
0.3333 0.8889 4.9686 5.8222 0.0000 0.0000
0.4444 0.8889 4.6537 8.2998 0.0000 0.0000
0.5556 0.8889 4.3354 11.3158 0.0000 0.0000
0.6667 0.8889 4.0171 15.0037 0.0000 0.0000
0.7778 0.8889 3.7433 19.2585 0.0000 0.0000
0.8889 0.8889 3.4377 23.8373 0.0000 0.0000
1.0000 0.8889 3.2340 26.4267 0.0000 0.0000
0.0000 1.0000 3.4950 18.3000 0.0000 0.0000
0.1111 1.0000 3.2340 22.8222 0.0000 0.0000
0.2222 1.0000 2.9285 27.9111 0.0000 0.0000
0.3333 1.0000 2.6738 33.3667 0.0000 0.0000
0.4444 1.0000 2.3937 42.1222 0.0000 0.0000
0.5556 1.0000 2.1072 52.8444 0.0000 0.0000
0.6667 1.0000 1.8526 65.8667 0.0000 0.0000
0.7778 1.0000 1.5534 83.1111 0.0000 0.0000
0.8889 1.0000 1.3369 95.9556 0.0000 0.0000
1.0000 1.0000 1.2032 99.9000 0.0000 0.0000
