newLensFormat14
fullLensType CanonJ16Ax8B4_DMC_16x9
disToTarget 0.000000
focusPointes 10
zoomPointes 10
lensWideVal 10.000000
lensFactorVal 10.000000
numberOfPointes 100 4 
0.0000 0.0000 59.5876 -39.9000 0.0000 0.0000
0.1111 0.0000 60.0332 -40.2222 0.0000 0.0000
0.2222 0.0000 58.6327 -40.4000 0.0000 0.0000
0.3333 0.0000 57.1048 -40.3667 0.0000 0.0000
0.4444 0.0000 56.2645 -40.3444 0.0000 0.0000
0.5556 0.0000 55.1504 -40.9000 0.0000 0.0000
0.6667 0.0000 54.1063 -41.3667 0.0000 0.0000
0.7778 0.0000 53.1769 -41.6333 0.0000 0.0000
0.8889 0.0000 51.7763 -41.5222 0.0000 0.0000
1.0000 0.0000 50.8787 -40.2000 0.0000 0.0000
0.0000 0.1111 51.2759 -40.7356 0.0000 0.0000
0.1111 0.1111 50.6602 -40.6170 0.0000 0.0000
0.2222 0.1111 49.7469 -41.4827 0.0000 0.0000
0.3333 0.1111 48.9565 -42.8319 0.0000 0.0000
0.4444 0.1111 48.0780 -43.6610 0.0000 0.0000
0.5556 0.1111 47.2822 -43.9795 0.0000 0.0000
0.6667 0.1111 46.2254 -44.1696 0.0000 0.0000
0.7778 0.1111 45.0949 -44.2000 0.0000 0.0000
0.8889 0.1111 44.3253 -44.1111 0.0000 0.0000
1.0000 0.1111 43.0622 -43.8733 0.0000 0.0000
0.0000 0.2222 43.2838 -44.6605 0.0000 0.0000
0.1111 0.2222 42.4133 -44.5783 0.0000 0.0000
0.2222 0.2222 41.0716 -43.7432 0.0000 0.0000
0.3333 0.2222 39.8835 -42.9078 0.0000 0.0000
0.4444 0.2222 38.7225 -42.0195 0.0000 0.0000
0.5556 0.2222 37.4937 -40.9303 0.0000 0.0000
0.6667 0.2222 36.3880 -39.7877 0.0000 0.0000
0.7778 0.2222 35.2320 -38.6125 0.0000 0.0000
0.8889 0.2222 34.1729 -37.5639 0.0000 0.0000
1.0000 0.2222 33.2797 -36.7420 0.0000 0.0000
0.0000 0.3333 33.0616 -37.8700 0.0000 0.0000
0.1111 0.3333 32.3409 -37.0941 0.0000 0.0000
0.2222 0.3333 31.4132 -36.2570 0.0000 0.0000
0.3333 0.3333 30.4954 -35.3700 0.0000 0.0000
0.4444 0.3333 29.3567 -34.1707 0.0000 0.0000
0.5556 0.3333 28.4017 -33.0189 0.0000 0.0000
0.6667 0.3333 27.4791 -31.8611 0.0000 0.0000
0.7778 0.3333 26.3904 -30.4463 0.0000 0.0000
0.8889 0.3333 25.3005 -29.0204 0.0000 0.0000
1.0000 0.3333 24.2495 -27.6700 0.0000 0.0000
0.0000 0.4444 24.4386 -29.8811 0.0000 0.0000
0.1111 0.4444 24.0379 -29.4235 0.0000 0.0000
0.2222 0.4444 23.0959 -28.2417 0.0000 0.0000
0.3333 0.4444 22.0459 -26.6807 0.0000 0.0000
0.4444 0.4444 20.9903 -25.0160 0.0000 0.0000
0.5556 0.4444 20.1888 -23.6173 0.0000 0.0000
0.6667 0.4444 19.3428 -22.2904 0.0000 0.0000
0.7778 0.4444 18.4459 -20.8643 0.0000 0.0000
0.8889 0.4444 17.7108 -19.8196 0.0000 0.0000
1.0000 0.4444 16.9952 -18.1622 0.0000 0.0000
0.0000 0.5556 17.3925 -20.7100 0.0000 0.0000
0.1111 0.5556 16.7367 -19.3373 0.0000 0.0000
0.2222 0.5556 15.9427 -17.6807 0.0000 0.0000
0.3333 0.5556 15.2498 -16.0522 0.0000 0.0000
0.4444 0.5556 14.5079 -14.1856 0.0000 0.0000
0.5556 0.5556 13.6832 6.3182 0.0000 0.0000
0.6667 0.5556 12.1125 104.8404 0.0000 0.0000
0.7778 0.5556 10.9422 89.5600 0.0000 0.0000
0.8889 0.5556 11.0230 10.3606 0.0000 0.0000
1.0000 0.5556 10.7099 -4.8862 0.0000 0.0000
0.0000 0.6667 12.0493 -11.3667 0.0000 0.0000
0.1111 0.6667 11.5725 -9.9286 0.0000 0.0000
0.2222 0.6667 10.8595 -7.9356 0.0000 0.0000
0.3333 0.6667 10.1719 -5.9906 0.0000 0.0000
0.4444 0.6667 9.5633 -4.0243 0.0000 0.0000
0.5556 0.6667 8.7909 7.8778 0.0000 0.0000
0.6667 0.6667 7.9616 55.2555 0.0000 0.0000
0.7778 0.6667 7.4414 40.7803 0.0000 0.0000
0.8889 0.6667 7.0607 10.7226 0.0000 0.0000
1.0000 0.6667 6.5432 11.4033 0.0000 0.0000
0.0000 0.7778 8.0667 -1.5401 0.0000 0.0000
0.1111 0.7778 7.5408 0.9305 0.0000 0.0000
0.2222 0.7778 6.9243 3.9537 0.0000 0.0000
0.3333 0.7778 6.4813 6.7473 0.0000 0.0000
0.4444 0.7778 5.9232 10.4722 0.0000 0.0000
0.5556 0.7778 5.4077 15.3458 0.0000 0.0000
0.6667 0.7778 4.9163 20.1905 0.0000 0.0000
0.7778 0.7778 4.3795 25.5754 0.0000 0.0000
0.8889 0.7778 4.0336 30.0882 0.0000 0.0000
1.0000 0.7778 3.5335 39.2284 0.0000 0.0000
0.0000 0.8889 5.2552 11.0844 0.0000 0.0000
0.1111 0.8889 4.9479 13.8531 0.0000 0.0000
0.2222 0.8889 4.5372 18.4911 0.0000 0.0000
0.3333 0.8889 4.0920 23.4237 0.0000 0.0000
0.4444 0.8889 3.6071 29.7580 0.0000 0.0000
0.5556 0.8889 3.2952 35.9963 0.0000 0.0000
0.6667 0.8889 2.8499 46.1741 0.0000 0.0000
0.7778 0.8889 2.3634 57.4521 0.0000 0.0000
0.8889 0.8889 2.1071 63.9203 0.0000 0.0000
1.0000 0.8889 1.5255 78.6489 0.0000 0.0000
0.0000 1.0000 3.9419 20.3000 0.0000 0.0000
0.1111 1.0000 3.5778 24.4111 0.0000 0.0000
0.2222 1.0000 3.2047 30.7889 0.0000 0.0000
0.3333 1.0000 2.8132 38.7333 0.0000 0.0000
0.4444 1.0000 2.4083 48.2889 0.0000 0.0000
0.5556 1.0000 2.1791 56.4556 0.0000 0.0000
0.6667 1.0000 1.8392 66.4333 0.0000 0.0000
0.7778 1.0000 1.4197 77.3556 0.0000 0.0000
0.8889 1.0000 1.1777 83.5778 0.0000 0.0000
1.0000 1.0000 0.6417 97.3000 0.0000 0.0000
