newLensFormat14
fullLensType CanonJ16Ax8B4_DMC_4x3
disToTarget 0.000000
focusPointes 10
zoomPointes 10
lensWideVal 10.000000
lensFactorVal 10.000000
numberOfPointes 100 4 
0.0000 0.0000 63.0254 -15.9000 0.0000 0.0000
0.1111 0.0000 62.4524 -16.1000 0.0000 0.0000
0.2222 0.0000 62.1978 -16.3667 0.0000 0.0000
0.3333 0.0000 60.9245 -17.7000 0.0000 0.0000
0.4444 0.0000 59.9059 -18.9444 0.0000 0.0000
0.5556 0.0000 58.9510 -19.8333 0.0000 0.0000
0.6667 0.0000 58.0597 -20.1667 0.0000 0.0000
0.7778 0.0000 57.0220 -20.2000 0.0000 0.0000
0.8889 0.0000 56.0671 -20.4667 0.0000 0.0000
1.0000 0.0000 54.9467 -21.5000 0.0000 0.0000
0.0000 0.1111 54.9848 -20.4178 0.0000 0.0000
0.1111 0.1111 54.5266 -21.4380 0.0000 0.0000
0.2222 0.1111 53.3878 -21.5961 0.0000 0.0000
0.3333 0.1111 52.2936 -21.7126 0.0000 0.0000
0.4444 0.1111 51.4004 -21.4854 0.0000 0.0000
0.5556 0.1111 50.1484 -20.3064 0.0000 0.0000
0.6667 0.1111 48.7863 -17.9533 0.0000 0.0000
0.7778 0.1111 47.3205 -15.5612 0.0000 0.0000
0.8889 0.1111 46.1245 -13.7109 0.0000 0.0000
1.0000 0.1111 45.2458 -12.5600 0.0000 0.0000
0.0000 0.2222 44.9107 -14.7025 0.0000 0.0000
0.1111 0.2222 44.0549 -13.8556 0.0000 0.0000
0.2222 0.2222 42.8150 -12.1889 0.0000 0.0000
0.3333 0.2222 41.5036 -10.6098 0.0000 0.0000
0.4444 0.2222 40.3190 -9.5541 0.0000 0.0000
0.5556 0.2222 39.4281 -8.9511 0.0000 0.0000
0.6667 0.2222 38.3486 -7.6929 0.0000 0.0000
0.7778 0.2222 37.1287 -6.7812 0.0000 0.0000
0.8889 0.2222 36.1863 -6.5908 0.0000 0.0000
1.0000 0.2222 35.2150 -6.6304 0.0000 0.0000
0.0000 0.3333 34.7919 -7.4410 0.0000 0.0000
0.1111 0.3333 34.0696 -6.8540 0.0000 0.0000
0.2222 0.3333 33.0739 -6.2907 0.0000 0.0000
0.3333 0.3333 32.1232 -6.0110 0.0000 0.0000
0.4444 0.3333 31.2922 -5.8961 0.0000 0.0000
0.5556 0.3333 30.3638 -5.7065 0.0000 0.0000
0.6667 0.3333 29.5035 -5.6872 0.0000 0.0000
0.7778 0.3333 28.4603 -5.6151 0.0000 0.0000
0.8889 0.3333 27.3921 -4.9909 0.0000 0.0000
1.0000 0.3333 26.4153 -2.6950 0.0000 0.0000
0.0000 0.4444 26.7718 -5.6017 0.0000 0.0000
0.1111 0.4444 25.9150 -5.2192 0.0000 0.0000
0.2222 0.4444 24.9336 -4.5040 0.0000 0.0000
0.3333 0.4444 23.9681 -3.9768 0.0000 0.0000
0.4444 0.4444 23.1969 -3.5769 0.0000 0.0000
0.5556 0.4444 22.3577 -3.1648 0.0000 0.0000
0.6667 0.4444 21.4261 -2.8057 0.0000 0.0000
0.7778 0.4444 20.6846 -2.1607 0.0000 0.0000
0.8889 0.4444 19.8028 -1.1305 0.0000 0.0000
1.0000 0.4444 19.0528 -0.4176 0.0000 0.0000
0.0000 0.5556 19.6633 -3.3011 0.0000 0.0000
0.1111 0.5556 18.9156 -2.7337 0.0000 0.0000
0.2222 0.5556 18.0406 -1.7227 0.0000 0.0000
0.3333 0.5556 17.1807 -0.9037 0.0000 0.0000
0.4444 0.5556 16.4538 -0.1592 0.0000 0.0000
0.5556 0.5556 15.6955 0.7504 0.0000 0.0000
0.6667 0.5556 14.9372 1.7733 0.0000 0.0000
0.7778 0.5556 14.2641 2.7499 0.0000 0.0000
0.8889 0.5556 13.3683 4.2237 0.0000 0.0000
1.0000 0.5556 12.6108 5.4237 0.0000 0.0000
0.0000 0.6667 13.8102 0.7692 0.0000 0.0000
0.1111 0.6667 13.1065 1.9876 0.0000 0.0000
0.2222 0.6667 12.4236 3.4817 0.0000 0.0000
0.3333 0.6667 11.7259 4.7864 0.0000 0.0000
0.4444 0.6667 11.0396 6.0859 0.0000 0.0000
0.5556 0.6667 10.3627 7.5614 0.0000 0.0000
0.6667 0.6667 9.6671 9.5500 0.0000 0.0000
0.7778 0.6667 8.9717 11.7364 0.0000 0.0000
0.8889 0.6667 8.2561 14.7715 0.0000 0.0000
1.0000 0.6667 7.4542 19.7067 0.0000 0.0000
0.0000 0.7778 9.4071 6.8277 0.0000 0.0000
0.1111 0.7778 8.8506 8.6290 0.0000 0.0000
0.2222 0.7778 8.3058 11.0384 0.0000 0.0000
0.3333 0.7778 7.6882 13.5428 0.0000 0.0000
0.4444 0.7778 7.0848 16.2986 0.0000 0.0000
0.5556 0.7778 6.4737 19.5881 0.0000 0.0000
0.6667 0.7778 5.8534 24.0778 0.0000 0.0000
0.7778 0.7778 5.2007 29.6691 0.0000 0.0000
0.8889 0.7778 4.7635 34.4702 0.0000 0.0000
1.0000 0.7778 4.8556 36.4074 0.0000 0.0000
0.0000 0.8889 6.3178 15.8200 0.0000 0.0000
0.1111 0.8889 5.8165 18.9212 0.0000 0.0000
0.2222 0.8889 5.3114 23.2022 0.0000 0.0000
0.3333 0.8889 4.7382 28.4326 0.0000 0.0000
0.4444 0.8889 4.2573 34.1847 0.0000 0.0000
0.5556 0.8889 3.8415 40.3168 0.0000 0.0000
0.6667 0.8889 3.3139 50.5874 0.0000 0.0000
0.7778 0.8889 2.7767 61.3948 0.0000 0.0000
0.8889 0.8889 2.4615 67.5904 0.0000 0.0000
1.0000 0.8889 2.5889 69.5156 0.0000 0.0000
0.0000 1.0000 4.6639 23.4000 0.0000 0.0000
0.1111 1.0000 4.2851 27.9889 0.0000 0.0000
0.2222 1.0000 3.8051 34.3667 0.0000 0.0000
0.3333 1.0000 3.2945 42.8667 0.0000 0.0000
0.4444 1.0000 2.8527 51.9778 0.0000 0.0000
0.5556 1.0000 2.4453 60.7000 0.0000 0.0000
0.6667 1.0000 2.0493 71.5000 0.0000 0.0000
0.7778 1.0000 1.7112 79.2667 0.0000 0.0000
0.8889 1.0000 1.4719 83.5111 0.0000 0.0000
1.0000 1.0000 1.6043 85.3000 0.0000 0.0000
