newLensFormat14
fullLensType canon16x8_DMC
disToTarget 0.000000
focusPointes 10
zoomPointes 10
lensWideVal 10.000000
lensFactorVal 10.000000
numberOfPointes 100 4 
0.0000 0.0000 51.0505 74.0000 0.0000 0.0000
0.1111 0.0000 50.4012 73.6667 0.0000 0.0000
0.2222 0.0000 49.6118 73.4000 0.0000 0.0000
0.3333 0.0000 48.6823 73.5333 0.0000 0.0000
0.4444 0.0000 47.7146 73.8000 0.0000 0.0000
0.5556 0.0000 46.8552 73.5778 0.0000 0.0000
0.6667 0.0000 45.9894 73.4667 0.0000 0.0000
0.7778 0.0000 45.0981 73.5000 0.0000 0.0000
0.8889 0.0000 44.1559 73.9444 0.0000 0.0000
1.0000 0.0000 43.2010 74.9000 0.0000 0.0000
0.0000 0.1111 43.4837 74.5533 0.0000 0.0000
0.1111 0.1111 42.9121 74.1968 0.0000 0.0000
0.2222 0.1111 41.8452 75.5607 0.0000 0.0000
0.3333 0.1111 40.6142 78.1956 0.0000 0.0000
0.4444 0.1111 39.4230 80.7442 0.0000 0.0000
0.5556 0.1111 38.3436 82.6590 0.0000 0.0000
0.6667 0.1111 37.2648 84.4185 0.0000 0.0000
0.7778 0.1111 36.1842 86.4731 0.0000 0.0000
0.8889 0.1111 35.1110 88.4681 0.0000 0.0000
1.0000 0.1111 34.2591 89.3533 0.0000 0.0000
0.0000 0.2222 34.3562 87.4580 0.0000 0.0000
0.1111 0.2222 33.6256 88.5361 0.0000 0.0000
0.2222 0.2222 32.7368 89.4785 0.0000 0.0000
0.3333 0.2222 31.8543 90.3251 0.0000 0.0000
0.4444 0.2222 30.9885 91.2011 0.0000 0.0000
0.5556 0.2222 30.1990 91.8458 0.0000 0.0000
0.6667 0.2222 29.4019 92.3259 0.0000 0.0000
0.7778 0.2222 28.5743 92.7857 0.0000 0.0000
0.8889 0.2222 27.7876 93.3235 0.0000 0.0000
1.0000 0.2222 27.0337 93.9988 0.0000 0.0000
0.0000 0.3333 26.7915 92.8467 0.0000 0.0000
0.1111 0.3333 26.1632 93.3767 0.0000 0.0000
0.2222 0.3333 25.4039 94.0211 0.0000 0.0000
0.3333 0.3333 24.6563 94.5189 0.0000 0.0000
0.4444 0.3333 23.9178 94.8256 0.0000 0.0000
0.5556 0.3333 23.2377 94.9774 0.0000 0.0000
0.6667 0.3333 22.5293 95.3433 0.0000 0.0000
0.7778 0.3333 21.7724 95.9767 0.0000 0.0000
0.8889 0.3333 21.0271 96.5218 0.0000 0.0000
1.0000 0.3333 20.4164 96.8100 0.0000 0.0000
0.0000 0.4444 20.2770 95.4911 0.0000 0.0000
0.1111 0.4444 19.7520 95.9356 0.0000 0.0000
0.2222 0.4444 19.0853 96.3477 0.0000 0.0000
0.3333 0.4444 18.4140 96.5819 0.0000 0.0000
0.4444 0.4444 17.7821 96.6544 0.0000 0.0000
0.5556 0.4444 17.1773 96.6798 0.0000 0.0000
0.6667 0.4444 16.5614 96.8941 0.0000 0.0000
0.7778 0.4444 15.9352 97.3731 0.0000 0.0000
0.8889 0.4444 15.2709 98.1044 0.0000 0.0000
1.0000 0.4444 14.6881 98.5367 0.0000 0.0000
0.0000 0.5556 14.8765 96.6544 0.0000 0.0000
0.1111 0.5556 14.4153 97.1101 0.0000 0.0000
0.2222 0.5556 13.8318 97.1911 0.0000 0.0000
0.3333 0.5556 13.2843 97.3304 0.0000 0.0000
0.4444 0.5556 12.6848 97.9279 0.0000 0.0000
0.5556 0.5556 12.1263 98.8569 0.0000 0.0000
0.6667 0.5556 11.5360 100.1233 0.0000 0.0000
0.7778 0.5556 10.9543 100.8988 0.0000 0.0000
0.8889 0.5556 10.4091 101.8889 0.0000 0.0000
1.0000 0.5556 9.8969 102.5444 0.0000 0.0000
0.0000 0.6667 10.6112 98.2633 0.0000 0.0000
0.1111 0.6667 10.1914 98.7219 0.0000 0.0000
0.2222 0.6667 9.6499 99.3618 0.0000 0.0000
0.3333 0.6667 9.1336 100.5200 0.0000 0.0000
0.4444 0.6667 8.6103 102.5222 0.0000 0.0000
0.5556 0.6667 8.0808 104.1889 0.0000 0.0000
0.6667 0.6667 7.5554 105.9667 0.0000 0.0000
0.7778 0.6667 7.0298 108.6815 0.0000 0.0000
0.8889 0.6667 6.5158 111.3704 0.0000 0.0000
1.0000 0.6667 6.0638 113.6333 0.0000 0.0000
0.0000 0.7778 7.2759 103.8025 0.0000 0.0000
0.1111 0.7778 6.9284 104.9136 0.0000 0.0000
0.2222 0.7778 6.4394 106.2469 0.0000 0.0000
0.3333 0.7778 5.9720 108.8025 0.0000 0.0000
0.4444 0.7778 5.4973 112.1358 0.0000 0.0000
0.5556 0.7778 5.0402 115.9150 0.0000 0.0000
0.6667 0.7778 4.5954 119.7366 0.0000 0.0000
0.7778 0.7778 4.1398 124.5377 0.0000 0.0000
0.8889 0.7778 3.6761 131.6516 0.0000 0.0000
1.0000 0.7778 3.2791 138.4074 0.0000 0.0000
0.0000 0.8889 4.9474 111.0000 0.0000 0.0000
0.1111 0.8889 4.6093 114.2444 0.0000 0.0000
0.2222 0.8889 4.2030 117.5778 0.0000 0.0000
0.3333 0.8889 3.7939 121.8815 0.0000 0.0000
0.4444 0.8889 3.3824 128.4889 0.0000 0.0000
0.5556 0.8889 2.9839 136.2173 0.0000 0.0000
0.6667 0.8889 2.5801 147.0074 0.0000 0.0000
0.7778 0.8889 2.1738 161.4642 0.0000 0.0000
0.8889 0.8889 1.7902 180.4766 0.0000 0.0000
1.0000 0.8889 1.5171 196.4667 0.0000 0.0000
0.0000 1.0000 3.6096 118.0000 0.0000 0.0000
0.1111 1.0000 3.2760 123.6667 0.0000 0.0000
0.2222 1.0000 2.8724 130.5556 0.0000 0.0000
0.3333 1.0000 2.5038 139.6667 0.0000 0.0000
0.4444 1.0000 2.1397 151.8889 0.0000 0.0000
0.5556 1.0000 1.8086 165.2222 0.0000 0.0000
0.6667 1.0000 1.4840 181.0000 0.0000 0.0000
0.7778 1.0000 1.1459 200.0000 0.0000 0.0000
0.8889 1.0000 0.8123 220.0000 0.0000 0.0000
1.0000 1.0000 0.5546 236.0000 0.0000 0.0000
