 newLensFormat14
fullLensType Canon
disToTarget 0.000000
focusPointes 7
zoomPointes 11
lensWideVal 8.000000
lensFactorVal 16.000000
numberOfPointes 76 4 
0.4988 0.4968 11.6868 0.0000 0.0 0.0 
0.0027 0.4968 13.9692 0.0000 0.0 0.0 
0.9987 0.4968 9.8067 0.0000 0.0 0.0 
0.0077 0.9975 3.3534 0.0000 0.0 0.0 
0.5004 0.9975 1.9770 0.0000 0.0 0.0 
0.9985 0.9975 0.6678 0.0000 0.0 0.0 
0.9985 0.0039 31.8393 0.0000 0.0 0.0 
0.4989 0.0039 34.7824 0.0000 0.0 0.0 
0.0071 0.0037 38.4276 0.0000 0.0 0.0 
0.1729 0.0037 37.2393 0.0000 0.0 0.0 
0.3383 0.0037 36.0225 0.0000 0.0 0.0 
0.6664 0.0037 34.0607 0.0000 0.0 0.0 
0.8333 0.0037 32.8784 0.0000 0.0 0.0 
0.9984 0.0953 27.0473 0.0000 0.0 0.0 
0.8321 0.0953 28.1084 0.0000 0.0 0.0 
0.6638 0.0953 29.2290 0.0000 0.0 0.0 
0.4997 0.0950 30.1034 0.0000 0.0 0.0 
0.3293 0.0949 31.1903 0.0000 0.0 0.0 
0.1634 0.0943 32.2673 0.0000 0.0 0.0 
0.0027 0.0942 33.4144 0.0000 0.0 0.0 
0.0028 0.2017 27.4822 0.0000 0.0 0.0 
0.1680 0.2017 26.4157 0.0000 0.0 0.0 
0.3395 0.2017 25.5807 0.0000 0.0 0.0 
0.4975 0.2017 24.6412 0.0000 0.0 0.0 
0.6627 0.2017 23.7398 0.0000 0.0 0.0 
0.8276 0.2017 22.7111 0.0000 0.0 0.0 
0.9976 0.2017 21.7607 0.0000 0.0 0.0 
0.9976 0.3018 17.1563 0.0000 0.0 0.0 
0.8356 0.3018 18.0067 0.0000 0.0 0.0 
0.6727 0.3018 18.9305 0.0000 0.0 0.0 
0.5005 0.3017 19.7753 0.0000 0.0 0.0 
0.3257 0.3016 20.7843 0.0000 0.0 0.0 
0.1707 0.3010 21.5226 0.0000 0.0 0.0 
0.0050 0.3004 22.5943 0.0000 0.0 0.0 
0.0042 0.3969 18.1072 0.0000 0.0 0.0 
0.1697 0.3969 17.3453 0.0000 0.0 0.0 
0.3362 0.3969 16.4195 0.0000 0.0 0.0 
0.4991 0.3969 15.6812 0.0000 0.0 0.0 
0.8331 0.3969 14.0162 0.0000 0.0 0.0 
0.9976 0.3969 13.3007 0.0000 0.0 0.0 
0.8291 0.4988 10.4143 0.0000 0.0 0.0 
0.6725 0.4988 11.1464 0.0000 0.0 0.0 
0.3333 0.4988 12.5978 0.0000 0.0 0.0 
0.1675 0.4988 13.2224 0.0000 0.0 0.0 
0.0029 0.5994 10.7446 0.0000 0.0 0.0 
0.1700 0.5985 10.0851 0.0000 0.0 0.0 
0.3380 0.5985 9.4684 0.0000 0.0 0.0 
0.4979 0.5985 8.7976 0.0000 0.0 0.0 
0.6704 0.5985 8.1140 0.0000 0.0 0.0 
0.8325 0.5985 7.4591 0.0000 0.0 0.0 
0.9977 0.5985 6.7945 0.0000 0.0 0.0 
0.9977 0.7039 4.3457 0.0000 0.0 0.0 
0.8408 0.7039 4.9157 0.0000 0.0 0.0 
0.6584 0.7037 5.6002 0.0000 0.0 0.0 
0.4929 0.7033 6.2238 0.0000 0.0 0.0 
0.3318 0.7032 6.7959 0.0000 0.0 0.0 
0.1612 0.7030 7.4305 0.0000 0.0 0.0 
0.0028 0.7028 7.8423 0.0000 0.0 0.0 
0.0029 0.8056 5.7907 0.0000 0.0 0.0 
0.1676 0.8052 5.3345 0.0000 0.0 0.0 
0.3346 0.8052 4.8014 0.0000 0.0 0.0 
0.5013 0.8052 4.2529 0.0000 0.0 0.0 
0.6659 0.8052 3.7125 0.0000 0.0 0.0 
0.8398 0.8052 3.1503 0.0000 0.0 0.0 
0.9977 0.8095 2.6109 0.0000 0.0 0.0 
0.9977 0.9039 1.5034 0.0000 0.0 0.0 
0.8282 0.9039 1.9353 0.0000 0.0 0.0 
0.6638 0.9039 2.3920 0.0000 0.0 0.0 
0.4949 0.9039 2.8935 0.0000 0.0 0.0 
0.3407 0.9039 3.3406 0.0000 0.0 0.0 
0.1699 0.9039 3.8746 0.0000 0.0 0.0 
0.0031 0.9038 4.3618 0.0000 0.0 0.0 
0.1677 0.9969 2.9282 0.0000 0.0 0.0 
0.3353 0.9969 2.4496 0.0000 0.0 0.0 
0.6642 0.9969 1.3777 0.0000 0.0 0.0 
0.8368 0.9969 0.9923 0.0000 0.0 0.0 
  