NUMBER OF ZOOM LINES
7

NUMBER OF FOCUS LINES
2

FOCUS LINES PERCENTAGES
0
100

CENTER SHIFT XY FIX
 0,0000; 0,0000

CENTER SHIFT XY FLOAT
0,0000; 0,0000
0,0000; 0,0000
0,0000; 0,0000
0,0000; 0,0000
0,0000; 0,0000
0,0000; 0,0000
0,0000; 0,0000

CALIB TABLE
 Z   F   FOV       AR           N        K1           K2            K3
 0;  0;  90,33;    1,7778;     21,00;    0,000000;    0,00000000;    0,0000000000;
 0;  1;  90,33;    1,7778;     22,00;    0,000000;   -0,00000000;    0,0000000000;
 1;  0;  78,41;    1,7778;     21,00;    0,000000;   -0,00000000;    0,0000000000;
 1;  1;  78,41;    1,7778;     21,00;    0,000000;   -0,00000000;    0,0000000000;
 2;  0;  67,56;    1,7778;     22,00;    0,000000;   -0,00000000;    0,0000000000;
 2;  1;  67,56;    1,7778;     22,00;    0,000000;   -0,00000000;    0,0000000000;
 3;  0;  58,54;    1,7778;     21,00;   -0,000000;   -0,00000000;    0,0000000000;
 3;  1;  58,54;    1,7778;     21,00;    0,000000;    0,00000000;    0,0000000000;
 4;  0;  53,04;    1,7778;     21,00;   -0,000000;    0,00000000;    0,0000000000;
 4;  1;  53,04;    1,7778;     21,00;   -0,000000;    0,00000000;    0,0000000000;
 5;  0;  46,16;    1,7778;     21,00;    0,000000;    0,00000000;    0,0000000000;
 5;  1;  46,16;    1,7778;     21,00;    0,000000;    0,00000000;    0,0000000000;
 6;  0;  42,48;    1,7778;     21,00;    0,000000;    0,00000000;    0,0000000000;
 6;  1;  42,48;    1,7778;     21,00;    0,000000;    0,00000000;    0,0000000000;

DOF (PERCENT 0-CLOSEST; DISTANCE [m])
   0,00;      0,40
END DOF

SENSOR_WIDTH [mm]
   9,60
END SENSOR_WIDTH

