NUMBER OF ZOOM LINES
7

NUMBER OF FOCUS LINES
2

FOCUS LINES PERCENTAGES
0
100

CENTER SHIFT XY FIX
 0,0000; 0,0000

CENTER SHIFT XY FLOAT
0,0000; 0,0000
0,0000; 0,0000
0,0000; 0,0000
0,0000; 0,0000
0,0000; 0,0000
0,0000; 0,0000
0,0000; 0,0000

CALIB TABLE
 Z   F   FOV       AR           N        K1           K2            K3
 0;  0;  53,82;    1,7778;     20,95;    0,000920;   -0,00007000;    0,0000000000;
 0;  1;  61,91;    1,7778;     21,41;    0,003570;   -0,00003000;    0,0000000000;
 1;  0;  41,54;    1,7778;     18,75;   -0,002290;    0,00000000;    0,0000000000;
 1;  1;  49,22;    1,7778;     19,98;   -0,000550;    0,00000000;    0,0000000000;
 2;  0;  27,82;    1,7778;     13,80;   -0,000460;   -0,00005000;    0,0000000000;
 2;  1;  35,59;    1,7778;     17,91;   -0,001280;    0,00000000;    0,0000000000;
 3;  0;  16,68;    1,7778;     11,86;   -0,000820;    0,00000000;    0,0000000000;
 3;  1;  22,89;    1,7778;     11,86;    0,000180;   -0,00004000;    0,0000000000;
 4;  0;   8,19;    1,7778;     -1,20;    0,000000;    0,00000000;    0,0000000000;
 4;  1;  13,64;    1,7778;      8,76;    0,000000;    0,00000000;    0,0000000000;
 5;  0;   3,06;    1,7778;    -37,33;    0,000000;    0,00000000;    0,0000000000;
 5;  1;   7,51;    1,7778;     -8,70;    0,000000;    0,00000000;    0,0000000000;
 6;  0;   0,68;    1,7778;    -65,31;    0,000000;    0,00000000;    0,0000000000;
 6;  1;   4,07;    1,7778;    -31,12;    0,000000;    0,00000000;    0,0000000000;

DOF (PERCENT 0-CLOSEST; DISTANCE [m])
   0,00;      0,40
END DOF

SENSOR_WIDTH [mm]
   9,60
END SENSOR_WIDTH

