NUMBER OF ZOOM LINES
7

NUMBER OF FOCUS LINES
2

FOCUS LINES PERCENTAGES
0
100

CENTER SHIFT XY FIX
 0,0000; 0,0000

CENTER SHIFT XY FLOAT
0,0000; 0,0000
0,0000; 0,0000
0,0000; 0,0000
0,0000; 0,0000
0,0000; 0,0000
0,0000; 0,0000
0,0000; 0,0000

CALIB TABLE
 Z   F   FOV       AR           N        K1           K2            K3
 0;  0;  53,77;    1,7778;     17,72;   -0,000180;   -0,00003000;    0,0000000000;
 0;  1;  61,97;    1,7778;     19,93;    0,003200;   -0,00002000;    0,0000000000;
 1;  0;  40,50;    1,7778;     15,26;   -0,001370;   -0,00002000;    0,0000000000;
 1;  1;  48,86;    1,7778;     18,86;   -0,000490;   -0,00001000;    0,0000000000;
 2;  0;  27,79;    1,7778;     11,55;   -0,002690;    0,00002000;    0,0000000000;
 2;  1;  35,32;    1,7778;     15,91;   -0,002410;    0,00003000;    0,0000000000;
 3;  0;  16,36;    1,7778;      7,66;   -0,000610;    0,00000000;    0,0000000000;
 3;  1;  23,15;    1,7778;      9,96;   -0,001830;    0,00001000;    0,0000000000;
 4;  0;   8,05;    1,7778;    -20,71;    0,000060;    0,00000000;    0,0000000000;
 4;  1;  13,61;    1,7778;      3,36;   -0,000340;   -0,00001000;    0,0000000000;
 5;  0;   3,27;    1,7778;    -31,34;   -0,000150;    0,00000000;    0,0000000000;
 5;  1;   7,80;    1,7778;      5,18;   -0,000150;    0,00000000;    0,0000000000;
 6;  0;   0,88;    1,7778;    -37,63;    0,000000;    0,00000000;    0,0000000000;
 6;  1;   4,21;    1,7778;    -37,11;    0,000000;    0,00000000;    0,0000000000;

DOF (PERCENT 0-CLOSEST; DISTANCE [m])
   0,00;      0,40
END DOF

SENSOR_WIDTH [mm]
   9,60
END SENSOR_WIDTH

