NUMBER OF ZOOM LINES
7

NUMBER OF FOCUS LINES
2

FOCUS LINES PERCENTAGES
0
100

CENTER SHIFT XY FIX
 0,0000; 0,0000

CENTER SHIFT XY FLOAT
0,0000; 0,0000
0,0000; 0,0000
0,0000; 0,0000
0,0000; 0,0000
0,0000; 0,0000
0,0000; 0,0000
0,0000; 0,0000

CALIB TABLE
 Z   F   FOV       AR           N        K1           K2            K3
 0;  0;  91,27;    1,7778;     24,38;    0,005430;   -0,00009000;    0,0000000000;
 0;  1;  91,02;    1,7778;     24,47;    0,005620;   -0,00011000;    0,0000000000;
 1;  0;  73,61;    1,7778;     23,84;   -0,000730;   -0,00001000;    0,0000000000;
 1;  1;  73,81;    1,7778;     24,98;    0,000430;   -0,00003000;    0,0000000000;
 2;  0;  54,02;    1,7778;     21,54;   -0,002010;    0,00000000;    0,0000000000;
 2;  1;  55,54;    1,7778;     23,48;   -0,002690;    0,00006000;    0,0000000000;
 3;  0;  35,25;    1,7778;     24,25;   -0,001460;   -0,00003000;    0,0000000000;
 3;  1;  37,35;    1,7778;     22,99;   -0,002810;    0,00004000;    0,0000000000;
 4;  0;  20,93;    1,7778;     23,02;   -0,000980;   -0,00004000;    0,0000000000;
 4;  1;  23,12;    1,7778;     23,77;   -0,000120;   -0,00003000;    0,0000000000;
 5;  0;  12,13;    1,7778;     22,75;   -0,000430;    0,00000000;    0,0000000000;
 5;  1;  14,38;    1,7778;     22,70;   -0,000550;    0,00000000;    0,0000000000;
 6;  0;   7,37;    1,7778;     23,05;    0,000000;    0,00000000;    0,0000000000;
 6;  1;   8,92;    1,7778;     23,08;   -0,000520;    0,00000000;    0,0000000000;

DOF (PERCENT 0-CLOSEST; DISTANCE [m])
   0,00;      0,40
END DOF

SENSOR_WIDTH [mm]
   9,60
END SENSOR_WIDTH

