NUMBER OF ZOOM LINES
13

NUMBER OF FOCUS LINES
4

FOCUS LINES PERCENTAGES
0
49,9961
80,0083
100

CENTER SHIFT XY FIX
 0,0678; 0,0224

CENTER SHIFT XY FLOAT
-0,0002; 0,0000
0,0062; 0,0000
0,0042;-0,0015
0,0068;-0,0004
0,0106;-0,0050
0,0155;-0,0057
0,0099;-0,0100
0,0164;-0,0122
0,0123;-0,0085
0,0114;-0,0130
0,0033;-0,0132
0,0041; 0,0000
0,0000; 0,0000

CALIB TABLE
 Z   F   FOV       AR           N        K1           K2            K3
 0;  0;  54,16;    1,7778;     19,26;    0,000394;   -0,00003856;    0,0000000000;
 0;  1;  56,77;    1,7778;     19,54;    0,001137;   -0,00003630;    0,0000000000;
 0;  2;  59,59;    1,7778;     20,01;    0,002843;   -0,00003426;    0,0000000000;
 0;  3;  61,19;    1,7778;     20,06;    0,003827;   -0,00001362;    0,0000000000;
 1;  0;  44,05;    1,7778;     17,07;   -0,000792;   -0,00003404;    0,0000000000;
 1;  1;  46,72;    1,7778;     17,55;   -0,000467;   -0,00003430;    0,0000000000;
 1;  2;  49,40;    1,7778;     18,51;    0,000555;   -0,00002906;    0,0000000000;
 1;  3;  51,15;    1,7778;     18,17;    0,001047;   -0,00002089;    0,0000000000;
 2;  0;  34,00;    1,7778;     14,35;   -0,001276;   -0,00001850;    0,0000000000;
 2;  1;  36,83;    1,7778;     16,01;   -0,001580;   -0,00001168;    0,0000000000;
 2;  2;  39,33;    1,7778;     16,25;   -0,000890;   -0,00001163;    0,0000000000;
 2;  3;  40,75;    1,7778;     17,56;   -0,000167;   -0,00001420;    0,0000000000;
 3;  0;  26,02;    1,7778;      9,86;   -0,001684;   -0,00000269;    0,0000000000;
 3;  1;  28,52;    1,7778;     12,14;   -0,001599;   -0,00000625;    0,0000000000;
 3;  2;  30,76;    1,7778;     13,50;   -0,000801;   -0,00002076;    0,0000000000;
 3;  3;  32,25;    1,7778;     14,41;   -0,000636;   -0,00001414;    0,0000000000;
 4;  0;  19,54;    1,7778;      5,79;   -0,001841;    0,00000428;    0,0000000000;
 4;  1;  21,86;    1,7778;      8,79;   -0,001341;   -0,00000683;    0,0000000000;
 4;  2;  23,96;    1,7778;     10,59;   -0,001060;   -0,00000826;    0,0000000000;
 4;  3;  25,28;    1,7778;     10,85;   -0,000916;   -0,00000732;    0,0000000000;
 5;  0;  14,47;    1,7778;      1,92;   -0,001350;    0,00000082;    0,0000000000;
 5;  1;  16,74;    1,7778;      3,92;   -0,001466;    0,00000052;    0,0000000000;
 5;  2;  18,61;    1,7778;      7,12;   -0,001322;    0,00000652;    0,0000000000;
 5;  3;  19,80;    1,7778;      7,64;   -0,001088;   -0,00000001;    0,0000000000;
 6;  0;  10,49;    1,7778;     -1,96;   -0,001140;    0,00000000;    0,0000000000;
 6;  1;  12,68;    1,7778;      2,10;   -0,001131;    0,00000240;    0,0000000000;
 6;  2;  14,43;    1,7778;      4,54;   -0,001190;    0,00000507;    0,0000000000;
 6;  3;  15,46;    1,7778;      5,82;   -0,000860;    0,00000168;    0,0000000000;
 7;  0;   7,36;    1,7778;    -10,45;   -0,000850;   -0,00000001;    0,0000000000;
 7;  1;   9,45;    1,7778;     -6,07;   -0,001040;    0,00000071;    0,0000000000;
 7;  2;  11,01;    1,7778;     -3,44;   -0,000902;   -0,00000040;    0,0000000000;
 7;  3;  11,99;    1,7778;     -0,40;   -0,000852;    0,00000531;    0,0000000000;
 8;  0;   4,97;    1,7778;    -13,45;   -0,000575;    0,00000000;    0,0000000000;
 8;  1;   7,00;    1,7778;    -11,49;   -0,000596;    0,00000000;    0,0000000000;
 8;  2;   8,46;    1,7778;    -10,31;   -0,000495;    0,00000000;    0,0000000000;
 8;  3;   9,47;    1,7778;     -4,65;   -0,001119;    0,00001337;    0,0000000000;
 9;  0;   2,95;    1,7778;    -43,45;   -0,000252;    0,00000000;    0,0000000000;
 9;  1;   4,90;    1,7778;    -29,29;   -0,000270;   -0,00000000;    0,0000000000;
 9;  2;   6,32;    1,7778;    -20,79;   -0,000508;   -0,00000000;    0,0000000000;
 9;  3;   7,22;    1,7778;    -15,12;   -0,000465;   -0,00000000;    0,0000000000;
10;  0;   1,46;    1,7778;    -73,45;    0,000000;    0,00000000;    0,0000000000;
10;  1;   3,33;    1,7778;    -47,09;    0,000000;    0,00000000;    0,0000000000;
10;  2;   4,60;    1,7778;    -31,26;    0,000000;    0,00000000;    0,0000000000;
10;  3;   5,34;    1,7778;    -20,72;    0,000000;    0,00000000;    0,0000000000;
11;  0;   0,55;    1,7778;   -135,36;    0,000072;    0,00000000;    0,0000000000;
11;  1;   2,29;    1,7778;    -85,18;    0,000075;    0,00000000;    0,0000000000;
11;  2;   3,34;    1,7778;    -34,70;    0,000076;    0,00000000;    0,0000000000;
11;  3;   3,98;    1,7778;    -34,98;    0,000077;    0,00000000;    0,0000000000;
12;  0;   0,19;    1,7778;   -197,28;    0,000000;    0,00000000;    0,0000000000;
12;  1;   1,81;    1,7778;   -123,27;    0,000000;    0,00000000;    0,0000000000;
12;  2;   2,36;    1,7778;    -78,84;    0,000000;    0,00000000;    0,0000000000;
12;  3;   2,99;    1,7778;    -49,24;    0,000000;    0,00000000;    0,0000000000;

DOF (PERCENT 0-CLOSEST; DISTANCE [m])
   0,00;      1,05
  31,48;      1,45
  57,60;      2,18
  69,19;      2,99
  77,58;      4,19
  83,39;      5,77
  86,71;      7,60
  88,58;      9,32
  91,29;     13,37
  92,50;     16,91
END DOF

