NUMBER OF ZOOM LINES
13

NUMBER OF FOCUS LINES
4

FOCUS LINES PERCENTAGES
0
49,9961
80,0083
100

CENTER SHIFT XY FIX
 0,0329; 0,0187

CENTER SHIFT XY FLOAT
-0,0003; 0,0000
0,0002; 0,0022
0,0005; 0,0045
-0,0001; 0,0044
0,0007; 0,0045
0,0002; 0,0054
0,0016; 0,0055
0,0010; 0,0068
-0,0005; 0,0055
0,0046; 0,0045
0,0033; 0,0039
0,0052; 0,0000
0,0000; 0,0000

CALIB TABLE
 Z   F   FOV       AR           N        K1           K2            K3
 0;  0;  54,16;    1,7778;     19,26;    0,000547;   -0,00004349;    0,0000000000;
 0;  1;  56,80;    1,7778;     20,00;    0,001458;   -0,00004774;    0,0000000000;
 0;  2;  59,59;    1,7778;     20,59;    0,002670;   -0,00002189;    0,0000000000;
 0;  3;  61,30;    1,7778;     20,56;    0,003628;   -0,00000736;    0,0000000000;
 1;  0;  43,95;    1,7778;     17,07;   -0,001045;   -0,00002787;    0,0000000000;
 1;  1;  46,71;    1,7778;     18,02;   -0,000706;   -0,00003108;    0,0000000000;
 1;  2;  49,35;    1,7778;     18,60;    0,000274;   -0,00002484;    0,0000000000;
 1;  3;  51,00;    1,7778;     19,08;    0,000989;   -0,00001867;    0,0000000000;
 2;  0;  34,13;    1,7778;     14,15;   -0,001744;   -0,00001420;    0,0000000000;
 2;  1;  36,81;    1,7778;     15,13;   -0,001716;   -0,00001085;    0,0000000000;
 2;  2;  39,25;    1,7778;     16,45;   -0,001001;   -0,00000867;    0,0000000000;
 2;  3;  40,90;    1,7778;     17,46;   -0,000585;   -0,00000762;    0,0000000000;
 3;  0;  25,93;    1,7778;     10,21;   -0,001852;   -0,00000524;    0,0000000000;
 3;  1;  28,54;    1,7778;     12,29;   -0,001854;   -0,00000621;    0,0000000000;
 3;  2;  30,78;    1,7778;     13,68;   -0,001246;   -0,00000985;    0,0000000000;
 3;  3;  32,21;    1,7778;     14,41;   -0,000802;   -0,00001266;    0,0000000000;
 4;  0;  19,39;    1,7778;      5,79;   -0,001391;    0,00000147;    0,0000000000;
 4;  1;  21,94;    1,7778;      8,79;   -0,001739;   -0,00000104;    0,0000000000;
 4;  2;  24,05;    1,7778;     11,02;   -0,001334;   -0,00000497;    0,0000000000;
 4;  3;  25,39;    1,7778;     12,14;   -0,001254;    0,00000020;    0,0000000000;
 5;  0;  14,36;    1,7778;      1,92;   -0,001355;    0,00000083;    0,0000000000;
 5;  1;  16,66;    1,7778;      3,92;   -0,001384;   -0,00000372;    0,0000000000;
 5;  2;  18,57;    1,7784;      7,65;   -0,001292;   -0,00000090;    0,0000000000;
 5;  3;  19,80;    1,7778;      9,10;   -0,001256;    0,00000365;    0,0000000000;
 6;  0;  10,41;    1,7778;     -9,69;   -0,001020;    0,00000000;    0,0000000000;
 6;  1;  12,69;    1,7778;     -0,60;   -0,001420;    0,00000240;    0,0000000000;
 6;  2;  14,42;    1,7778;      3,13;   -0,001345;    0,00000422;    0,0000000000;
 6;  3;  15,47;    1,7778;      5,82;   -0,000905;    0,00000016;    0,0000000000;
 7;  0;   7,39;    1,7778;    -10,45;   -0,000850;   -0,00000001;    0,0000000000;
 7;  1;   9,39;    1,7778;     -6,07;   -0,000815;    0,00000071;    0,0000000000;
 7;  2;  10,97;    1,7778;     -2,86;   -0,000802;   -0,00000023;    0,0000000000;
 7;  3;  11,95;    1,7778;      0,75;   -0,000626;    0,00000023;    0,0000000000;
 8;  0;   4,97;    1,7778;    -21,82;   -0,000575;    0,00000000;    0,0000000000;
 8;  1;   6,97;    1,7778;    -15,06;   -0,000596;    0,00000000;    0,0000000000;
 8;  2;   8,48;    1,7778;     -9,51;   -0,000979;    0,00000000;    0,0000000000;
 8;  3;   9,42;    1,7778;     -4,65;   -0,001089;    0,00002214;    0,0000000000;
 9;  0;   3,03;    1,7778;    -53,61;   -0,000252;    0,00000000;    0,0000000000;
 9;  1;   4,96;    1,7778;    -29,29;   -0,000270;   -0,00000000;    0,0000000000;
 9;  2;   6,32;    1,7778;    -20,79;   -0,000555;   -0,00000000;    0,0000000000;
 9;  3;   7,22;    1,7778;    -12,85;   -0,000565;   -0,00000000;    0,0000000000;
10;  0;   1,46;    1,7778;    -73,45;    0,000000;    0,00000000;    0,0000000000;
10;  1;   3,35;    1,7778;    -47,09;    0,000000;    0,00000000;    0,0000000000;
10;  2;   4,60;    1,7778;    -28,59;    0,000000;    0,00000000;    0,0000000000;
10;  3;   5,38;    1,7778;    -18,32;    0,000000;    0,00000000;    0,0000000000;
11;  0;   0,55;    1,7778;   -135,36;    0,000072;    0,00000000;    0,0000000000;
11;  1;   2,18;    1,7778;    -85,18;    0,000075;    0,00000000;    0,0000000000;
11;  2;   3,33;    1,7778;    -41,54;    0,000076;    0,00000000;    0,0000000000;
11;  3;   3,98;    1,7778;    -30,26;    0,000077;    0,00000000;    0,0000000000;
12;  0;   0,19;    1,7778;   -197,28;    0,000000;    0,00000000;    0,0000000000;
12;  1;   1,52;    1,7778;   -123,27;    0,000000;    0,00000000;    0,0000000000;
12;  2;   2,46;    1,7778;    -44,26;    0,000000;    0,00000000;    0,0000000000;
12;  3;   2,95;    1,7778;    -32,21;    0,000000;    0,00000000;    0,0000000000;

DOF (PERCENT 0-CLOSEST; DISTANCE [m])
   0,00;      1,05
  31,48;      1,45
  57,60;      2,18
  69,19;      2,99
  77,58;      4,19
  83,39;      5,77
  86,71;      7,60
  88,58;      9,32
  91,29;     13,37
  92,50;     16,91
END DOF

