NUMBER OF ZOOM LINES
13

NUMBER OF FOCUS LINES
3

FOCUS LINES PERCENTAGES
0
49,9489
100

CENTER SHIFT XY FIX
 0,0312; 0,0018

CENTER SHIFT XY FLOAT
0,0113; 0,0547
-0,0017; 0,0618
0,0000; 0,0956
0,0077; 0,0837
-0,0294; 0,1334
0,0023; 0,1635
-0,0132; 0,2034
0,0000; 0,2378
0,0000; 0,3566
-0,0628; 0,3979
-0,0674; 0,5971
0,0000; 0,7758
-0,0200; 1,0894

CALIB TABLE
 Z   F   FOV       AR           N        K1           K2            K3
 0;  0;  53,50;    1,7527;     20,15;    0,002137;   -0,00007773;    0,0000000000;
 0;  1;  56,47;    1,7761;     20,67;    0,001938;   -0,00004987;    0,0000000000;
 0;  2;  61,38;    1,7711;     20,59;    0,002853;    0,00002146;    0,0000000000;
 1;  0;  43,56;    1,7652;     18,80;    0,000229;   -0,00004006;    0,0000000000;
 1;  1;  46,04;    1,7721;     19,61;    0,000695;   -0,00003829;    0,0000000000;
 1;  2;  50,64;    1,7648;     19,20;    0,001579;   -0,00002023;    0,0000000000;
 2;  0;  33,79;    1,7778;     15,77;   -0,000990;   -0,00001621;    0,0000000000;
 2;  1;  36,26;    1,7681;     15,81;   -0,000603;   -0,00002653;    0,0000000000;
 2;  2;  40,38;    1,7585;     17,66;    0,000513;   -0,00003688;    0,0000000000;
 3;  0;  25,78;    1,7778;     11,90;   -0,001466;   -0,00000739;    0,0000000000;
 3;  1;  28,36;    1,7730;     14,97;   -0,000864;   -0,00001323;    0,0000000000;
 3;  2;  32,04;    1,7681;     15,42;   -0,000330;   -0,00002180;    0,0000000000;
 4;  0;  19,33;    1,7778;      6,51;   -0,001363;   -0,00001000;    0,0000000000;
 4;  1;  21,73;    1,7778;     10,60;   -0,001180;   -0,00000253;    0,0000000000;
 4;  2;  25,13;    1,7778;     13,17;   -0,000997;    0,00000496;    0,0000000000;
 5;  0;  14,33;    1,7778;      0,22;   -0,000626;   -0,00002711;    0,0000000000;
 5;  1;  16,56;    1,7778;      6,57;   -0,001149;    0,00000021;    0,0000000000;
 5;  2;  19,78;    1,7778;      8,91;   -0,001673;    0,00002759;    0,0000000000;
 6;  0;  10,60;    1,7778;      7,97;    0,000140;   -0,00004000;    0,0000000000;
 6;  1;  12,55;    1,7778;     -8,02;   -0,000889;   -0,00000004;    0,0000000000;
 6;  2;  15,56;    1,7778;      4,65;   -0,001920;    0,00004000;    0,0000000000;
 7;  0;   7,63;    1,7778;      3,99;    0,000164;   -0,00002188;    0,0000000000;
 7;  1;   9,88;    1,7778;      3,16;   -0,000426;    0,00000014;    0,0000000000;
 7;  2;  12,13;    1,7778;      2,33;   -0,001018;    0,00002219;    0,0000000000;
 8;  0;   5,69;    1,7778;      0,00;    0,000000;    0,00000000;    0,0000000000;
 8;  1;   7,52;    1,7778;      0,00;    0,000000;    0,00000000;    0,0000000000;
 8;  2;   9,47;    1,7778;      0,00;    0,000000;    0,00000000;    0,0000000000;
 9;  0;   5,04;    1,7778;      0,00;   -0,000009;    0,00000250;    0,0000000000;
 9;  1;   6,02;    1,7778;      0,00;    0,000056;    0,00000000;    0,0000000000;
 9;  2;   7,01;    1,7778;      0,00;    0,000120;   -0,00000250;    0,0000000000;
10;  0;   4,81;    1,7778;      0,00;    0,000000;    0,00000000;    0,0000000000;
10;  1;   4,97;    1,7778;      0,00;    0,000000;    0,00000000;    0,0000000000;
10;  2;   5,13;    1,7778;      0,00;    0,000000;    0,00000000;    0,0000000000;
11;  0;   4,09;    1,7778;      0,00;    0,000000;    0,00000000;    0,0000000000;
11;  1;   3,91;    1,7778;      0,00;    0,000000;    0,00000000;    0,0000000000;
11;  2;   3,72;    1,7778;      0,00;    0,000000;    0,00000000;    0,0000000000;
12;  0;   3,18;    1,7778;      0,00;    0,000000;    0,00000000;    0,0000000000;
12;  1;   2,98;    1,7778;      0,00;    0,000000;    0,00000000;    0,0000000000;
12;  2;   2,78;    1,7778;      0,00;    0,000000;    0,00000000;    0,0000000000;

DOF (PERCENT 0-CLOSEST; DISTANCE [m])
   0,00;      1,04
  16,80;      1,19
  52,42;      1,96
  70,16;      3,09
  79,13;      4,55
  84,03;      6,11
  86,38;      7,55
  87,88;      8,67
  90,63;     12,55
  93,73;     19,98
END DOF

