NUMBER OF ZOOM LINES
7

NUMBER OF FOCUS LINES
2

FOCUS LINES PERCENTAGES
0,00
100,00

CENTER SHIFT XY FIX
0,0201; 0,0256

CENTER SHIFT XY FLOAT
0,0076; -0,0060
0,0037; 0,0087
-0,0052; 0,0204
0,0000; 0,0287
-0,0068; 0,0578
-0,0264; 0,0731
-0,0369; 0,0817

CALIB TABLE
 Z   F   FOV       AR           N        K1           K2            K3
 0;  0;  61,18;    1,7778;     17,16;    0,003113;    0,00001529;    0,0000000000;
 0;  1;  53,98;    1,7778;     16,34;   -0,000015;   -0,00002185;    0,0000000000;
 1;  0;  40,56;    1,7778;     16,91;    0,000126;   -0,00002328;    0,0000000000;
 1;  1;  33,75;    1,7778;     16,59;   -0,000910;   -0,00002577;    0,0000000000;
 2;  0;  25,35;    1,7778;     11,46;   -0,001097;    0,00000000;    0,0000000000;
 2;  1;  19,07;    1,7778;      7,73;   -0,000911;    0,00000000;    0,0000000000;
 3;  0;  15,36;    1,7778;      7,96;   -0,000891;    0,00000000;    0,0000000000;
 3;  1;   9,87;    1,7778;     -7,76;    0,000000;    0,00000000;    0,0000000000;
 4;  0;   9,42;    1,7778;    -13,07;   -0,000729;    0,00000000;    0,0000000000;
 4;  1;   6,00;    1,7778;    -35,13;    0,000000;    0,00000000;    0,0000000000;
 5;  0;   5,46;    1,7778;      8,25;    0,000000;    0,00000000;    0,0000000000;
 5;  1;   5,06;    1,7778;      8,33;    0,000000;    0,00000000;    0,0000000000;
 6;  0;   2,94;    1,7778;    -25,78;    0,000000;    0,00000000;    0,0000000000;
 6;  1;   2,84;    1,7778;    -25,08;    0,000000;    0,00000000;    0,0000000000;

DOF (PERCENT 0-CLOSEST; DISTANCE [m])
  0,00;      0,30;
100,00; 100000,00;
END DOF
