NUMBER OF ZOOM LINES
13

NUMBER OF FOCUS LINES
4

FOCUS LINES PERCENTAGES
0
49,9961
80,0083
100

CENTER SHIFT XY FIX
 0,0070; 0,0115

CENTER SHIFT XY FLOAT
-0,0003; 0,0000
0,0028; 0,0040
0,0075; 0,0097
0,0097; 0,0119
0,0135; 0,0140
0,0142; 0,0137
0,0157; 0,0149
0,0139; 0,0121
0,0135; 0,0116
0,0046; 0,0063
0,0033; 0,0039
0,0052; 0,0000
0,0000; 0,0000

CALIB TABLE
 Z   F   FOV       AR           N        K1           K2            K3
 0;  0;  54,30;    1,7778;     19,26;    0,000485;   -0,00004317;    0,0000000000;
 0;  1;  56,97;    1,7778;     19,74;    0,001237;   -0,00003899;    0,0000000000;
 0;  2;  59,66;    1,7778;     20,67;    0,002615;   -0,00001769;    0,0000000000;
 0;  3;  61,43;    1,7778;     20,91;    0,003681;   -0,00000605;    0,0000000000;
 1;  0;  43,95;    1,7778;     17,07;   -0,000807;   -0,00003033;    0,0000000000;
 1;  1;  46,80;    1,7778;     17,77;   -0,000612;   -0,00003108;    0,0000000000;
 1;  2;  49,43;    1,7778;     18,38;    0,000353;   -0,00002466;    0,0000000000;
 1;  3;  51,13;    1,7778;     18,82;    0,001076;   -0,00002027;    0,0000000000;
 2;  0;  34,13;    1,7778;     14,15;   -0,001575;   -0,00001420;    0,0000000000;
 2;  1;  36,81;    1,7778;     15,13;   -0,001589;   -0,00001218;    0,0000000000;
 2;  2;  39,33;    1,7778;     16,45;   -0,000889;   -0,00001249;    0,0000000000;
 2;  3;  40,90;    1,7784;     16,91;   -0,000363;   -0,00001368;    0,0000000000;
 3;  0;  25,98;    1,7778;     10,21;   -0,001456;   -0,00000524;    0,0000000000;
 3;  1;  28,61;    1,7778;     12,29;   -0,001628;   -0,00000621;    0,0000000000;
 3;  2;  30,97;    1,7778;     13,68;   -0,001271;   -0,00000984;    0,0000000000;
 3;  3;  32,48;    1,7778;     14,41;   -0,001049;   -0,00000442;    0,0000000000;
 4;  0;  19,55;    1,7778;      5,79;   -0,001592;   -0,00000032;    0,0000000000;
 4;  1;  22,10;    1,7778;      8,79;   -0,001920;    0,00000380;    0,0000000000;
 4;  2;  24,22;    1,7778;     11,02;   -0,001511;   -0,00000075;    0,0000000000;
 4;  3;  25,47;    1,7778;     12,14;   -0,001095;   -0,00000137;    0,0000000000;
 5;  0;  14,52;    1,7778;      1,92;   -0,001374;    0,00000083;    0,0000000000;
 5;  1;  16,76;    1,7778;      3,92;   -0,001408;   -0,00000372;    0,0000000000;
 5;  2;  18,72;    1,7784;      7,65;   -0,001330;   -0,00000090;    0,0000000000;
 5;  3;  19,91;    1,7778;      9,10;   -0,001251;    0,00000365;    0,0000000000;
 6;  0;  10,41;    1,7778;     -9,69;   -0,001020;    0,00000000;    0,0000000000;
 6;  1;  12,69;    1,7778;     -0,60;   -0,001420;    0,00000240;    0,0000000000;
 6;  2;  14,48;    1,7778;      3,13;   -0,001430;    0,00000291;    0,0000000000;
 6;  3;  15,51;    1,7778;      5,82;   -0,000968;    0,00000016;    0,0000000000;
 7;  0;   7,39;    1,7778;    -10,45;   -0,000850;   -0,00000001;    0,0000000000;
 7;  1;   9,41;    1,7778;     -6,07;   -0,000815;    0,00000071;    0,0000000000;
 7;  2;  11,03;    1,7778;     -2,86;   -0,000858;   -0,00000033;    0,0000000000;
 7;  3;  12,01;    1,7778;      0,75;   -0,000702;    0,00000023;    0,0000000000;
 8;  0;   4,97;    1,7778;    -21,82;   -0,000575;    0,00000000;    0,0000000000;
 8;  1;   6,97;    1,7778;    -15,06;   -0,000596;    0,00000000;    0,0000000000;
 8;  2;   8,54;    1,7778;     -9,51;   -0,000979;    0,00000000;    0,0000000000;
 8;  3;   9,45;    1,7778;     -4,65;   -0,001196;    0,00002214;    0,0000000000;
 9;  0;   3,03;    1,7778;    -53,61;   -0,000252;    0,00000000;    0,0000000000;
 9;  1;   5,02;    1,7778;    -29,29;   -0,000255;   -0,00000000;    0,0000000000;
 9;  2;   6,33;    1,7778;    -20,33;   -0,000167;   -0,00000000;    0,0000000000;
 9;  3;   7,30;    1,7778;    -12,85;   -0,000772;   -0,00000000;    0,0000000000;
10;  0;   1,46;    1,7778;    -73,45;    0,000000;    0,00000000;    0,0000000000;
10;  1;   3,35;    1,7778;    -47,09;    0,000000;    0,00000000;    0,0000000000;
10;  2;   4,60;    1,7778;    -28,59;    0,000000;    0,00000000;    0,0000000000;
10;  3;   5,39;    1,7778;    -18,32;    0,000000;    0,00000000;    0,0000000000;
11;  0;   0,55;    1,7778;   -135,36;    0,000072;    0,00000000;    0,0000000000;
11;  1;   2,18;    1,7778;    -85,18;    0,000075;    0,00000000;    0,0000000000;
11;  2;   3,33;    1,7778;    -41,54;    0,000076;    0,00000000;    0,0000000000;
11;  3;   4,01;    1,7778;    -30,26;    0,000077;    0,00000000;    0,0000000000;
12;  0;   0,19;    1,7778;   -197,28;    0,000000;    0,00000000;    0,0000000000;
12;  1;   1,52;    1,7778;   -123,27;    0,000000;    0,00000000;    0,0000000000;
12;  2;   2,45;    1,7778;    -48,49;    0,000000;    0,00000000;    0,0000000000;
12;  3;   2,99;    1,7778;    -32,21;    0,000000;    0,00000000;    0,0000000000;

DOF (PERCENT 0-CLOSEST; DISTANCE [m])
   0,00;      1,05
  31,48;      1,45
  57,60;      2,18
  69,19;      2,99
  77,58;      4,19
  83,39;      5,77
  86,71;      7,60
  88,58;      9,32
  91,29;     13,37
  92,50;     16,91
END DOF

