NUMBER OF ZOOM LINES
7

NUMBER OF FOCUS LINES
2

FOCUS LINES PERCENTAGES
0
100

CENTER SHIFT XY FIX
 0,0000; 0,0000

CENTER SHIFT XY FLOAT
0,0000; 0,0000
0,0000; 0,0000
0,0000; 0,0000
0,0000; 0,0000
0,0000; 0,0000
0,0000; 0,0000
0,0000; 0,0000

CALIB TABLE
 Z   F   FOV       AR           N        K1           K2            K3
 0;  0;  88,29;    1,7778;     25,01;    0,006900;   -0,00013000;    0,0000000000;
 0;  1;  88,29;    1,7778;     25,01;    0,008000;   -0,00016000;    0,0000000000;
 1;  0;  70,03;    1,7778;     25,01;    0,003720;   -0,00012000;    0,0000000000;
 1;  1;  70,41;    1,7778;     25,01;    0,004820;   -0,00012000;    0,0000000000;
 2;  0;  51,61;    1,7778;     25,01;    0,000890;   -0,00004000;    0,0000000000;
 2;  1;  53,46;    1,7778;     25,01;    0,000890;   -0,00004000;    0,0000000000;
 3;  0;  33,79;    1,7778;     25,01;    0,000490;   -0,00002000;    0,0000000000;
 3;  1;  36,07;    1,7778;     25,01;    0,000490;   -0,00002000;    0,0000000000;
 4;  0;  20,64;    1,7778;     25,01;   -0,000270;    0,00000000;    0,0000000000;
 4;  1;  23,36;    1,7778;     25,01;   -0,000180;    0,00000000;    0,0000000000;
 5;  0;  12,54;    1,7778;     25,01;    0,000310;    0,00000000;    0,0000000000;
 5;  1;  14,51;    1,7778;     25,01;    0,000310;    0,00000000;    0,0000000000;
 6;  0;   8,51;    1,7778;     25,01;    0,000000;    0,00000000;    0,0000000000;
 6;  1;   9,28;    1,7778;     25,01;    0,000000;    0,00000000;    0,0000000000;

DOF (PERCENT 0-CLOSEST; DISTANCE [m])
   0,00;      0,40
END DOF

SENSOR_WIDTH [mm]
   9,60
END SENSOR_WIDTH

