NUMBER OF ZOOM LINES
7

NUMBER OF FOCUS LINES
2

FOCUS LINES PERCENTAGES
0
100

CENTER SHIFT XY FIX
 0,0198;-0,0550

CENTER SHIFT XY FLOAT
0,0000; 0,0000
0,0000; 0,0000
0,0000; 0,0000
0,0000; 0,0000
0,0000; 0,0000
0,0000; 0,0000
0,0000; 0,0000

CALIB TABLE
 Z   F   FOV       AR           N        K1           K2            K3
 0;  0;  98,28;    1,7778;     21,00;    0,000000;    0,00000000;    0,0000000000;
 0;  1;  98,28;    1,7778;     22,00;    0,000000;   -0,00000000;    0,0000000000;
 1;  0;  95,09;    1,7778;     21,00;    0,000000;   -0,00000000;    0,0000000000;
 1;  1;  95,09;    1,7778;     21,00;    0,000000;   -0,00000000;    0,0000000000;
 2;  0;  94,34;    1,7778;     22,00;    0,000000;   -0,00000000;    0,0000000000;
 2;  1;  94,34;    1,7778;     22,00;    0,000000;   -0,00000000;    0,0000000000;
 3;  0;  88,21;    1,7778;     21,00;   -0,000000;   -0,00000000;    0,0000000000;
 3;  1;  88,21;    1,7778;     21,00;    0,000000;    0,00000000;    0,0000000000;
 4;  0;  83,50;    1,7778;     21,00;   -0,000000;    0,00000000;    0,0000000000;
 4;  1;  83,50;    1,7778;     21,00;   -0,000000;    0,00000000;    0,0000000000;
 5;  0;  81,47;    1,7778;     21,00;    0,000000;    0,00000000;    0,0000000000;
 5;  1;  81,47;    1,7778;     21,00;    0,000000;    0,00000000;    0,0000000000;
 6;  0;  79,68;    1,7778;     21,00;    0,000000;    0,00000000;    0,0000000000;
 6;  1;  79,68;    1,7778;     21,00;    0,000000;    0,00000000;    0,0000000000;

DOF (PERCENT 0-CLOSEST; DISTANCE [m])
   0,00;      0,00
  20,96;      0,03
  33,91;      0,40
  47,96;      0,50
  61,89;      0,70
  70,66;      1,00
  79,72;      2,00
  88,49;     20,00
END DOF

SENSOR_WIDTH [mm]
   9,59
END SENSOR_WIDTH

