NUMBER OF ZOOM LINES
7

NUMBER OF FOCUS LINES
2

FOCUS LINES PERCENTAGES
0
100

CENTER SHIFT XY FIX
-0,0214;-0,0100

CENTER SHIFT XY FLOAT
0,0000; 0,0000
0,0000; 0,0000
0,0002; 0,0000
0,0000; 0,0000
0,0000; 0,0000
0,0000; 0,0000
0,0000; 0,0000

CALIB TABLE
 Z   F   FOV       AR           N        K1           K2            K3
 0;  0;  86,72;    1,7778;     23,70;    0,000080;   -0,00000000;    0,0000000000;
 0;  1;  87,04;    1,7778;     24,88;    0,000045;    0,00000004;    0,0000000000;
 1;  0;  77,88;    1,7778;     23,38;    0,000004;   -0,00000001;    0,0000000000;
 1;  1;  78,46;    1,7778;     23,83;    0,000000;    0,00000002;    0,0000000000;
 2;  0;  69,57;    1,7778;     23,89;   -0,000013;    0,00000003;    0,0000000000;
 2;  1;  70,21;    1,7778;     23,74;   -0,000018;    0,00000001;    0,0000000000;
 3;  0;  61,33;    1,7778;     24,04;    0,000003;    0,00000000;    0,0000000000;
 3;  1;  62,15;    1,7778;     23,80;    0,000003;   -0,00000004;    0,0000000000;
 4;  0;  54,06;    1,7778;     23,81;   -0,000017;    0,00000003;    0,0000000000;
 4;  1;  54,91;    1,7778;     23,94;    0,000003;    0,00000001;    0,0000000000;
 5;  0;  47,51;    1,7778;     23,83;    0,000001;    0,00000000;    0,0000000000;
 5;  1;  48,30;    1,7778;     24,02;    0,000002;    0,00000000;    0,0000000000;
 6;  0;  41,33;    1,7778;     23,46;    0,000000;    0,00000000;    0,0000000000;
 6;  1;  42,26;    1,7778;     23,84;    0,000001;    0,00000000;    0,0000000000;

DOF (PERCENT 0-CLOSEST; DISTANCE [m])
   0,00;      0,60
  49,82;      1,00
  66,47;      1,55
  85,50;      3,80
  88,44;      5,55
  90,76;      7,34
  92,95;     11,39
  94,75;     15,32
END DOF

SENSOR_WIDTH [mm]
  36,00
END SENSOR_WIDTH

