newLensFormat14
fullLensType canonJ15x8_1
disToTarget 0.000000
focusPointes 10
zoomPointes 10
lensWideVal 10.000000
lensFactorVal 10.000000
numberOfPointes 100 4 
0.0000 0.0000 46.9252 -14.3000 0.0000 0.0000
0.1111 0.0000 47.5810 -14.0000 0.0000 0.0000
0.2222 0.0000 48.4213 -14.0000 0.0000 0.0000
0.3333 0.0000 49.3317 -13.9667 0.0000 0.0000
0.4444 0.0000 50.2866 -14.0778 0.0000 0.0000
0.5556 0.0000 51.2415 -14.7444 0.0000 0.0000
0.6667 0.0000 52.1201 -15.0333 0.0000 0.0000
0.7778 0.0000 52.9477 -15.0000 0.0000 0.0000
0.8889 0.0000 53.7753 -15.0889 0.0000 0.0000
1.0000 0.0000 54.5456 -15.5000 0.0000 0.0000
0.0000 0.1111 40.1656 -18.1089 0.0000 0.0000
0.1111 0.1111 40.8213 -18.0067 0.0000 0.0000
0.2222 0.1111 41.6489 -17.8956 0.0000 0.0000
0.3333 0.1111 42.4765 -17.7207 0.0000 0.0000
0.4444 0.1111 43.2787 -17.3973 0.0000 0.0000
0.5556 0.1111 44.0745 -17.0689 0.0000 0.0000
0.6667 0.1111 44.8639 -16.6022 0.0000 0.0000
0.7778 0.1111 45.5833 -16.0467 0.0000 0.0000
0.8889 0.1111 46.3345 -15.7499 0.0000 0.0000
1.0000 0.1111 47.0411 -15.8089 0.0000 0.0000
0.0000 0.2222 32.5115 -16.7210 0.0000 0.0000
0.1111 0.2222 33.1836 -17.0963 0.0000 0.0000
0.2222 0.2222 34.0546 -17.6118 0.0000 0.0000
0.3333 0.2222 34.8910 -17.9605 0.0000 0.0000
0.4444 0.2222 35.7186 -18.2494 0.0000 0.0000
0.5556 0.2222 36.5399 -18.4270 0.0000 0.0000
0.6667 0.2222 37.3701 -18.5601 0.0000 0.0000
0.7778 0.2222 38.1926 -18.6778 0.0000 0.0000
0.8889 0.2222 38.9668 -18.7889 0.0000 0.0000
1.0000 0.2222 39.6275 -18.8000 0.0000 0.0000
0.0000 0.3333 24.6353 -10.9800 0.0000 0.0000
0.1111 0.3333 25.2700 -11.5944 0.0000 0.0000
0.2222 0.3333 26.0929 -12.3722 0.0000 0.0000
0.3333 0.3333 26.8921 -13.1711 0.0000 0.0000
0.4444 0.3333 27.6955 -13.9911 0.0000 0.0000
0.5556 0.3333 28.5231 -14.7337 0.0000 0.0000
0.6667 0.3333 29.3507 -15.4833 0.0000 0.0000
0.7778 0.3333 30.1620 -16.1056 0.0000 0.0000
0.8889 0.3333 30.9340 -16.6937 0.0000 0.0000
1.0000 0.3333 31.6406 -17.2533 0.0000 0.0000
0.0000 0.4444 17.6153 -3.2267 0.0000 0.0000
0.1111 0.4444 18.1749 -3.9760 0.0000 0.0000
0.2222 0.4444 18.8821 -4.9679 0.0000 0.0000
0.3333 0.4444 19.6153 -6.0993 0.0000 0.0000
0.4444 0.4444 20.3469 -7.1356 0.0000 0.0000
0.5556 0.4444 21.0790 -8.1911 0.0000 0.0000
0.6667 0.4444 21.8291 -9.1993 0.0000 0.0000
0.7778 0.4444 22.5484 -10.1033 0.0000 0.0000
0.8889 0.4444 23.2764 -10.9033 0.0000 0.0000
1.0000 0.4444 23.9229 -11.6267 0.0000 0.0000
0.0000 0.5556 11.8971 3.2811 0.0000 0.0000
0.1111 0.5556 12.4128 2.3751 0.0000 0.0000
0.2222 0.5556 12.9985 1.3146 0.0000 0.0000
0.3333 0.5556 13.6247 0.2722 0.0000 0.0000
0.4444 0.5556 14.2289 -0.6833 0.0000 0.0000
0.5556 0.5556 14.8337 -1.5722 0.0000 0.0000
0.6667 0.5556 15.4565 -2.3944 0.0000 0.0000
0.7778 0.5556 16.0931 -3.1722 0.0000 0.0000
0.8889 0.5556 16.7020 -3.9500 0.0000 0.0000
1.0000 0.5556 17.2518 -4.5278 0.0000 0.0000
0.0000 0.6667 7.4026 14.5867 0.0000 0.0000
0.1111 0.6667 7.8569 12.4941 0.0000 0.0000
0.2222 0.6667 8.3930 10.2400 0.0000 0.0000
0.3333 0.6667 8.9375 8.2033 0.0000 0.0000
0.4444 0.6667 9.4769 6.4196 0.0000 0.0000
0.5556 0.6667 10.0181 4.9048 0.0000 0.0000
0.6667 0.6667 10.5749 3.5678 0.0000 0.0000
0.7778 0.6667 11.1033 2.3244 0.0000 0.0000
0.8889 0.6667 11.6313 1.2237 0.0000 0.0000
1.0000 0.6667 12.1219 0.3167 0.0000 0.0000
0.0000 0.7778 4.0100 41.1086 0.0000 0.0000
0.1111 0.7778 4.4034 34.9095 0.0000 0.0000
0.2222 0.7778 4.8925 28.2947 0.0000 0.0000
0.3333 0.7778 5.3660 23.3449 0.0000 0.0000
0.4444 0.7778 5.8753 19.2239 0.0000 0.0000
0.5556 0.7778 6.3528 15.8899 0.0000 0.0000
0.6667 0.7778 6.8366 13.0893 0.0000 0.0000
0.7778 0.7778 7.3013 10.8247 0.0000 0.0000
0.8889 0.7778 7.7979 8.7311 0.0000 0.0000
1.0000 0.7778 8.2039 7.0420 0.0000 0.0000
0.0000 0.8889 2.1250 85.4778 0.0000 0.0000
0.1111 0.8889 2.2708 77.9012 0.0000 0.0000
0.2222 0.8889 2.5681 67.6143 0.0000 0.0000
0.3333 0.8889 3.0138 49.7082 0.0000 0.0000
0.4444 0.8889 3.4339 41.4647 0.0000 0.0000
0.5556 0.8889 3.8477 34.7264 0.0000 0.0000
0.6667 0.8889 4.2934 28.4489 0.0000 0.0000
0.7778 0.8889 4.7390 23.5674 0.0000 0.0000
0.8889 0.8889 5.1382 19.6780 0.0000 0.0000
1.0000 0.8889 5.5157 16.6111 0.0000 0.0000
0.0000 1.0000 1.9481 90.3000 0.0000 0.0000
0.1111 1.0000 1.7125 155.4111 0.0000 0.0000
0.2222 1.0000 1.2669 241.9445 0.0000 0.0000
0.3333 1.0000 1.6425 126.2667 0.0000 0.0000
0.4444 1.0000 2.1008 75.8000 0.0000 0.0000
0.5556 1.0000 2.4828 57.3000 0.0000 0.0000
0.6667 1.0000 2.9030 45.5000 0.0000 0.0000
0.7778 1.0000 3.3041 36.9556 0.0000 0.0000
0.8889 1.0000 3.6351 31.1333 0.0000 0.0000
1.0000 1.0000 3.9534 27.1000 0.0000 0.0000
