 newLensFormat14
fullLensType Fujinon
disToTarget 132.000000
focusPointes 5
zoomPointes 8
lensWideVal 7.000000
lensFactorVal 14.000000
numberOfPointes 40 4 
0.0000 0.0000 42.6466 -11.2526 -0.7000 0.0000
0.0000 0.4648 14.6090 4.1889 -0.7000 0.0000
0.0000 1.0000 1.9575 73.3196 -2.4000 0.0000
0.4876 1.0000 2.5950 54.7568 -8.9000 0.0000
0.4876 0.4700 16.1483 -1.4795 -2.1276 0.0000
0.4876 0.0000 44.3424 -11.9943 -1.4243 0.0000
1.0000 0.0000 47.2016 -11.4127 -1.6692 0.0000
1.0000 0.4707 17.7002 -0.9142 -4.1527 0.0000
1.0000 1.0000 4.0267 24.3671 -14.9205 0.0000
1.0000 0.7993 6.9850 12.6877 -7.2889 0.0000
1.0000 0.6267 11.5442 4.6802 -4.8612 0.0000
1.0000 0.3399 24.8004 -4.7249 -3.4000 0.0000
1.0000 0.2099 32.8368 -7.4940 -2.6806 0.0000
1.0000 0.0985 40.0746 -8.4383 -2.1546 0.0000
0.4941 0.0985 38.4415 -10.8635 -1.5603 0.0000
0.4941 0.2004 31.8456 -9.8069 -1.6352 0.0000
0.4941 0.3289 23.9314 -7.3881 -2.2589 0.0000
0.4941 0.6253 10.3120 5.0912 -3.0790 0.0000
0.4941 0.8103 5.6741 19.4999 -4.7064 0.0000
0.0000 0.8103 4.2925 36.0962 0.7348 0.0000
0.0000 0.6297 8.5369 15.1991 0.4603 0.0000
0.0000 0.3421 21.3581 -3.1139 -1.0230 0.0000
0.0000 0.2136 28.7781 -7.2813 -1.0626 0.0000
0.0000 0.0945 36.4759 -9.5889 -0.9321 0.0000
0.2520 0.0000 43.4796 -10.6652 -1.1947 0.0000
0.2520 0.1040 36.8913 -9.7676 -1.4429 0.0000
0.2520 0.2110 30.0507 -8.7440 -1.4040 0.0000
0.2520 0.3249 23.0541 -6.1464 -1.4593 0.0000
0.2520 0.4714 15.7538 -3.1115 -1.3629 0.0000
0.2520 0.6289 9.4481 5.4615 -2.3951 0.0000
0.2520 0.8044 5.0362 26.7543 -4.0197 0.0000
0.2520 1.0000 2.3794 62.0209 -6.3835 0.0000
0.7418 1.0000 3.4602 29.9146 -12.9187 0.0000
0.7418 0.7963 6.4022 16.9134 -6.9068 0.0000
0.7418 0.6308 10.8664 3.4011 -4.0766 0.0000
0.7418 0.4810 16.9208 -2.8865 -3.2138 0.0000
0.7418 0.3399 23.8621 -4.0675 -2.6609 0.0000
0.7418 0.2062 32.5546 -10.1965 -2.1467 0.0000
0.7418 0.1007 39.4567 -10.3884 -1.7706 0.0000
0.7418 0.0000 46.0183 -11.6281 -1.4260 0.0000
  