newLensFormat14
fullLensType FujinonA15x8_z_f_DMC
disToTarget 0.000000
focusPointes 10
zoomPointes 10
lensWideVal 10.000000
lensFactorVal 10.000000
numberOfPointes 100 4 
0.0000 0.0000 53.3424 -15.0000 0.0000 0.0000
0.1111 0.0000 52.8140 -15.1000 0.0000 0.0000
0.2222 0.0000 52.1264 -15.1222 0.0000 0.0000
0.3333 0.0000 51.4898 -15.2333 0.0000 0.0000
0.4444 0.0000 50.8532 -15.3444 0.0000 0.0000
0.5556 0.0000 50.2166 -15.4000 0.0000 0.0000
0.6667 0.0000 49.5417 -15.4000 0.0000 0.0000
0.7778 0.0000 48.8860 -15.4778 0.0000 0.0000
0.8889 0.0000 48.1985 -15.5000 0.0000 0.0000
1.0000 0.0000 47.6701 -15.6000 0.0000 0.0000
0.0000 0.1111 45.9996 -15.3911 0.0000 0.0000
0.1111 0.1111 45.4712 -15.4911 0.0000 0.0000
0.2222 0.1111 44.7837 -15.4669 0.0000 0.0000
0.3333 0.1111 44.1279 -15.3489 0.0000 0.0000
0.4444 0.1111 43.4531 -15.2862 0.0000 0.0000
0.5556 0.1111 42.7875 -15.2306 0.0000 0.0000
0.6667 0.1111 42.1243 -15.1156 0.0000 0.0000
0.7778 0.1111 41.4860 -15.0044 0.0000 0.0000
0.8889 0.1111 40.7984 -14.7156 0.0000 0.0000
1.0000 0.1111 40.1554 -14.4733 0.0000 0.0000
0.0000 0.2222 38.0805 -13.7802 0.0000 0.0000
0.1111 0.2222 37.5012 -13.7781 0.0000 0.0000
0.2222 0.2222 36.8645 -13.6938 0.0000 0.0000
0.3333 0.2222 36.2126 -13.3938 0.0000 0.0000
0.4444 0.2222 35.5453 -13.2517 0.0000 0.0000
0.5556 0.2222 34.9087 -13.0850 0.0000 0.0000
0.6667 0.2222 34.2645 -12.8272 0.0000 0.0000
0.7778 0.2222 33.5884 -12.6049 0.0000 0.0000
0.8889 0.2222 32.8906 -12.2049 0.0000 0.0000
1.0000 0.2222 32.3509 -11.8407 0.0000 0.0000
0.0000 0.3333 30.4584 -11.5267 0.0000 0.0000
0.1111 0.3333 29.9387 -11.5044 0.0000 0.0000
0.2222 0.3333 29.3208 -11.2681 0.0000 0.0000
0.3333 0.3333 28.7033 -10.9844 0.0000 0.0000
0.4444 0.3333 28.1142 -10.7822 0.0000 0.0000
0.5556 0.3333 27.4892 -10.5600 0.0000 0.0000
0.6667 0.3333 26.8908 -10.3600 0.0000 0.0000
0.7778 0.3333 26.3015 -10.0933 0.0000 0.0000
0.8889 0.3333 25.6730 -9.6711 0.0000 0.0000
1.0000 0.3333 25.1146 -9.2267 0.0000 0.0000
0.0000 0.4444 23.5167 -9.2633 0.0000 0.0000
0.1111 0.4444 23.0584 -9.1300 0.0000 0.0000
0.2222 0.4444 22.4854 -8.7744 0.0000 0.0000
0.3333 0.4444 21.9125 -8.3481 0.0000 0.0000
0.4444 0.4444 21.3650 -8.0047 0.0000 0.0000
0.5556 0.4444 20.8238 -7.5856 0.0000 0.0000
0.6667 0.4444 20.2509 -7.1633 0.0000 0.0000
0.7778 0.4444 19.6779 -6.6390 0.0000 0.0000
0.8889 0.4444 19.1050 -5.9844 0.0000 0.0000
1.0000 0.4444 18.6154 -5.5178 0.0000 0.0000
0.0000 0.5556 17.2518 -5.6822 0.0000 0.0000
0.1111 0.5556 16.8571 -5.4378 0.0000 0.0000
0.2222 0.5556 16.3478 -4.9267 0.0000 0.0000
0.3333 0.5556 15.8385 -4.2156 0.0000 0.0000
0.4444 0.5556 15.3292 -3.6802 0.0000 0.0000
0.5556 0.5556 14.8199 -2.9833 0.0000 0.0000
0.6667 0.5556 14.3106 -2.2581 0.0000 0.0000
0.7778 0.5556 13.8013 -1.4511 0.0000 0.0000
0.8889 0.5556 13.2688 -0.4249 0.0000 0.0000
1.0000 0.5556 12.8400 0.3811 0.0000 0.0000
0.0000 0.6667 12.0073 -0.6833 0.0000 0.0000
0.1111 0.6667 11.6253 -0.1056 0.0000 0.0000
0.2222 0.6667 11.2179 0.7530 0.0000 0.0000
0.3333 0.6667 10.7277 1.9011 0.0000 0.0000
0.4444 0.6667 10.2820 2.9270 0.0000 0.0000
0.5556 0.6667 9.8364 4.0733 0.0000 0.0000
0.6667 0.6667 9.3908 5.3822 0.0000 0.0000
0.7778 0.6667 8.9734 6.8304 0.0000 0.0000
0.8889 0.6667 8.5035 8.6444 0.0000 0.0000
1.0000 0.6667 8.1475 9.9967 0.0000 0.0000
0.0000 0.7778 8.3072 5.4815 0.0000 0.0000
0.1111 0.7778 7.9712 6.6215 0.0000 0.0000
0.2222 0.7778 7.5790 8.1154 0.0000 0.0000
0.3333 0.7778 7.1613 9.9889 0.0000 0.0000
0.4444 0.7778 6.7793 11.9134 0.0000 0.0000
0.5556 0.7778 6.3910 14.1693 0.0000 0.0000
0.6667 0.7778 6.0040 16.7564 0.0000 0.0000
0.7778 0.7778 5.5863 19.6125 0.0000 0.0000
0.8889 0.7778 5.1840 23.3686 0.0000 0.0000
1.0000 0.7778 4.8581 26.8049 0.0000 0.0000
0.0000 0.8889 5.7449 13.4289 0.0000 0.0000
0.1111 0.8889 5.4775 15.3714 0.0000 0.0000
0.2222 0.8889 5.1082 17.9091 0.0000 0.0000
0.3333 0.8889 4.7708 21.0659 0.0000 0.0000
0.4444 0.8889 4.4143 24.8259 0.0000 0.0000
0.5556 0.8889 4.0642 29.4123 0.0000 0.0000
0.6667 0.8889 3.7204 34.3882 0.0000 0.0000
0.7778 0.8889 3.4427 39.3647 0.0000 0.0000
0.8889 0.8889 3.1360 44.5523 0.0000 0.0000
1.0000 0.8889 2.9323 48.8756 0.0000 0.0000
0.0000 1.0000 4.1253 22.9000 0.0000 0.0000
0.1111 1.0000 3.8643 25.8778 0.0000 0.0000
0.2222 1.0000 3.5587 29.7667 0.0000 0.0000
0.3333 1.0000 3.2850 34.2000 0.0000 0.0000
0.4444 1.0000 2.9921 39.0444 0.0000 0.0000
0.5556 1.0000 2.7375 44.3222 0.0000 0.0000
0.6667 1.0000 2.4828 49.3667 0.0000 0.0000
0.7778 1.0000 2.1836 54.1444 0.0000 0.0000
0.8889 1.0000 1.9162 59.1889 0.0000 0.0000
1.0000 1.0000 1.6616 63.4000 0.0000 0.0000
