 newLensFormat14
fullLensType Canon
disToTarget 220.000000
focusPointes 9
zoomPointes 8
lensWideVal 9.000000
lensFactorVal 19.000000
numberOfPointes 72 4 
0.0034 0.0003 45.9880 0.0000 0.0000 0.0000
0.5033 0.0006 48.2790 6.3000 0.0000 0.0000
0.9959 0.0009 50.2680 12.8070 0.0000 0.0000
0.9953 0.4740 18.3000 18.4690 0.0000 0.0000
0.4972 0.4740 16.4040 14.9410 0.0000 0.0000
0.0054 0.4737 14.4240 11.5180 0.0000 0.0000
0.0061 0.9988 1.2470 26.8730 0.0000 0.0000
0.5073 0.9988 2.0290 62.9430 0.0000 0.0000
0.9957 0.9985 2.9420 79.0130 0.0000 0.0000
0.1228 0.0006 46.1210 4.4340 0.0000 0.0000
0.2477 0.0009 46.8120 5.4280 0.0000 0.0000
0.3744 0.0009 47.6400 5.7860 0.0000 0.0000
0.6283 0.0009 48.9370 6.3430 0.0000 0.0000
0.7579 0.0009 49.6450 6.9750 0.0000 0.0000
0.8797 0.0012 50.1930 8.3400 0.0000 0.0000
0.9955 0.0977 44.3560 10.8120 0.0000 0.0000
0.8707 0.0977 44.1180 7.2740 0.0000 0.0000
0.7528 0.0977 43.5470 6.1620 0.0000 0.0000
0.6252 0.0977 42.7290 5.8200 0.0000 0.0000
0.4961 0.0977 42.0350 5.6370 0.0000 0.0000
0.3721 0.0977 41.1870 5.5440 0.0000 0.0000
0.2461 0.0977 40.6030 5.3540 0.0000 0.0000
0.1289 0.0977 39.9490 4.4960 0.0000 0.0000
0.0052 0.0977 39.6460 1.6660 0.0000 0.0000
0.0029 0.2109 31.2070 4.5490 0.0000 0.0000
0.1276 0.2109 31.6620 5.4060 0.0000 0.0000
0.2517 0.2109 32.3130 5.5640 0.0000 0.0000
0.3802 0.2109 33.1600 5.7630 0.0000 0.0000
0.4990 0.2109 33.8530 5.8750 0.0000 0.0000
0.6295 0.2109 34.3750 7.6800 0.0000 0.0000
0.7456 0.2109 34.7250 9.3560 0.0000 0.0000
0.8812 0.2109 35.5480 9.7600 0.0000 0.0000
0.9955 0.2109 36.0230 10.5880 0.0000 0.0000
0.9955 0.3388 26.9690 13.4770 0.0000 0.0000
0.8749 0.3388 26.6420 12.8450 0.0000 0.0000
0.7510 0.3388 26.0390 12.6580 0.0000 0.0000
0.6292 0.3388 25.5500 11.0580 0.0000 0.0000
0.5003 0.3388 24.8190 11.0420 0.0000 0.0000
0.3692 0.3388 24.3140 10.9360 0.0000 0.0000
0.2484 0.3388 23.6360 10.1080 0.0000 0.0000
0.1289 0.3388 23.0350 9.9070 0.0000 0.0000
0.0027 0.3388 22.5770 9.8120 0.0000 0.0000
0.1287 0.4740 14.8640 12.5620 0.0000 0.0000
0.2515 0.4740 15.3420 12.8740 0.0000 0.0000
0.3743 0.4740 15.8100 13.0380 0.0000 0.0000
0.6279 0.4740 16.9200 15.1660 0.0000 0.0000
0.7523 0.4740 17.3970 16.3880 0.0000 0.0000
0.8806 0.4740 17.8340 16.7430 0.0000 0.0000
0.9953 0.6281 10.6090 30.9610 0.0000 0.0000
0.8713 0.6281 10.3070 25.5340 0.0000 0.0000
0.7498 0.6281 9.9810 24.5120 0.0000 0.0000
0.6265 0.6281 9.5910 22.9390 0.0000 0.0000
0.5057 0.6281 9.2300 21.3830 0.0000 0.0000
0.3734 0.6281 8.7580 20.9720 0.0000 0.0000
0.2445 0.6281 8.2810 20.7960 0.0000 0.0000
0.1210 0.6279 7.8780 20.0340 0.0000 0.0000
0.0023 0.6279 7.5730 18.3960 0.0000 0.0000
0.0025 0.8046 2.9880 29.1450 0.0000 0.0000
0.1264 0.8046 3.2480 36.5540 0.0000 0.0000
0.2526 0.8046 3.5480 40.4200 0.0000 0.0000
0.3719 0.8046 3.7440 45.2860 0.0000 0.0000
0.5055 0.8046 4.0440 48.7600 0.0000 0.0000
0.6297 0.8046 4.3670 50.3600 0.0000 0.0000
0.7528 0.8046 4.6090 53.1700 0.0000 0.0000
0.8689 0.8046 4.8070 54.9410 0.0000 0.0000
0.9957 0.8046 5.1480 55.7680 0.0000 0.0000
0.8698 0.9988 2.6540 75.4020 0.0000 0.0000
0.7476 0.9988 2.4170 74.0080 0.0000 0.0000
0.6292 0.9988 2.2480 72.7570 0.0000 0.0000
0.3719 0.9988 1.8270 55.1830 0.0000 0.0000
0.2475 0.9988 1.6400 42.3100 0.0000 0.0000
0.1278 0.9988 1.4650 31.0250 0.0000 0.0000
  