 newLensFormat14
fullLensType Canon
disToTarget 166.000000
focusPointes 5
zoomPointes 8
lensWideVal 9.000000
lensFactorVal 19.000000
numberOfPointes 40 4 
0.4988 0.0003 48.7401 -15.0714 0.0000 -1.9000
0.4988 0.4736 15.5111 6.0000 -1.3000 -1.9000
0.4988 0.9988 1.8002 93.1019 -2.9000 -9.4000
0.9993 0.9988 0.7862 202.1431 -2.8903 -9.3544
0.9993 0.4739 13.9468 -1.0518 -1.3289 -3.8138
0.9993 0.0003 44.3387 -10.9926 -1.4000 -1.8763
0.0007 0.0000 50.7081 -10.8865 -1.6000 -1.6009
0.0007 0.4739 18.3825 -4.6924 -2.2798 -2.5000
0.0007 0.9985 2.8510 60.0120 -9.3000 -10.5000
0.9993 0.7990 2.2868 112.6513 -5.4000 -12.3000
0.9993 0.6246 6.9242 30.8859 -2.1000 -8.8000
0.9993 0.3341 22.0402 -3.1429 0.0000 -2.5000
0.9993 0.2077 30.8064 -5.6490 -1.3000 -2.1000
0.9993 0.0991 38.0885 -8.2093 -1.5000 -3.2000
0.7473 0.0012 47.6193 -16.7527 -0.6049 -1.7924
0.7473 0.0985 40.0005 -9.7323 -0.6109 -2.0000
0.7473 0.2112 32.2838 -11.0698 -0.5461 -1.8948
0.7473 0.3367 22.8981 -2.1495 -0.5867 -2.0578
0.7473 0.4782 14.5331 2.6512 -1.1515 -3.5000
0.7473 0.6273 8.0377 11.4518 -2.1701 -4.7000
0.7473 0.8030 3.8107 19.4408 -3.1723 -9.5000
0.7473 0.9985 1.4104 92.5566 -12.6000 -19.1000
0.4963 0.8059 4.1783 34.0053 -5.2000 -9.3000
0.4963 0.6287 9.0116 12.0814 -1.7000 -4.2000
0.4963 0.3367 24.9884 -6.9182 -0.7984 -2.8000
0.4963 0.2086 33.5238 -7.0722 -0.3578 -1.6000
0.5026 0.0982 41.0713 -9.8398 -0.3101 -1.0351
0.2512 0.0006 49.4560 -11.6036 -0.4160 -1.5835
0.2512 0.1002 43.2952 -13.0570 -0.4606 -1.4368
0.2512 0.2159 35.0047 -9.8466 -0.5610 -1.4963
0.2512 0.3344 25.8183 -5.5379 -0.8022 -1.7587
0.2512 0.4695 17.0279 1.3601 -1.3838 -1.8419
0.2512 0.6345 9.3556 12.1038 -2.7577 -3.1939
0.2512 0.8083 4.6443 34.3514 -5.7055 -3.9887
0.2512 0.9985 2.2445 84.7475 -7.7898 -3.0002
0.0005 0.8039 5.5513 24.7647 -6.7767 -4.7810
0.0005 0.6313 10.9065 5.4121 -3.7258 -3.1170
0.0005 0.3373 27.1199 -8.5808 -1.7418 -2.1107
0.0005 0.2150 35.5522 -8.6649 -1.5714 -1.8549
0.0005 0.0999 44.7245 -14.4363 -1.5699 -1.6835
  