LENS
{
	LENS_TYPE 	CanonJ14ax8.5_z_f_DMC
	CCD_EQUIVALENT	0.666667	inches
	CCD_RATIO	0.750000

	ZOOM_CALIBRATION
	{
		FOV_FORMAT
		{
			Linear_Interpulation
			2:
			0.01  0.99
			0.00  0.00
		}
		OFFSET_FORMAT
		{
			Linear_Interpulation
			2:
			0.01  0.99
			0.00  0.00
		}
	}

	FOCUS_CALIBRATION
	{
		FOV_FORMAT
		{
			Bilinear_Interpulation
			101 11:
#zoom points
			0.990   0.980   0.970   0.961   0.951   0.941   0.931   0.921   0.912   0.902   0.892   0.882   0.872   0.863   0.853   0.843   0.833   0.823   0.814   0.804   0.794   0.784   0.774   0.765   0.755   0.745   0.735   0.725   0.716   0.706   0.696   0.686   0.676   0.667   0.657   0.647   0.637   0.627   0.618   0.608   0.598   0.588   0.578   0.569   0.559   0.549   0.539   0.529   0.520   0.510   0.500   0.490   0.480   0.471   0.461   0.451   0.441   0.431   0.422   0.412   0.402   0.392   0.382   0.373   0.363   0.353   0.343   0.333   0.324   0.314   0.304   0.294   0.284   0.275   0.265   0.255   0.245   0.235   0.226   0.216   0.206   0.196   0.186   0.177   0.167   0.157   0.147   0.137   0.128   0.118   0.108   0.098   0.088   0.079   0.069   0.059   0.049   0.039   0.030   0.020   0.010   
#focus points
           1.000   0.909   0.818   0.727   0.636   0.545   0.455   0.364   0.273   0.182   0.091   0.000
#focus values (distance in milimeters)
           800    1200  1400 2000  2500 4000 5000  5600  7000  9000  12000  16000

#data points
			0.024   0.028   0.032   0.036   0.041   0.047   0.052   0.058   0.063   0.069   0.073   
			0.026   0.029   0.033   0.038   0.043   0.048   0.054   0.059   0.065   0.070   0.075   
			0.027   0.030   0.034   0.039   0.044   0.050   0.055   0.061   0.066   0.072   0.076   
			0.028   0.031   0.036   0.040   0.046   0.051   0.057   0.062   0.068   0.073   0.078   
			0.029   0.032   0.037   0.042   0.048   0.053   0.059   0.064   0.070   0.075   0.080   
			0.031   0.035   0.039   0.044   0.050   0.055   0.061   0.067   0.072   0.078   0.082   
			0.033   0.036   0.041   0.046   0.052   0.058   0.063   0.069   0.074   0.080   0.085   
			0.034   0.038   0.043   0.049   0.054   0.060   0.066   0.071   0.077   0.083   0.087   
			0.036   0.040   0.045   0.051   0.057   0.063   0.068   0.074   0.080   0.085   0.090   
			0.039   0.043   0.048   0.054   0.060   0.065   0.071   0.077   0.082   0.088   0.093   
			0.041   0.045   0.051   0.056   0.062   0.068   0.074   0.080   0.085   0.091   0.096   
			0.044   0.048   0.053   0.059   0.065   0.071   0.077   0.083   0.089   0.095   0.099   
			0.046   0.051   0.056   0.062   0.068   0.074   0.080   0.086   0.092   0.098   0.103   
			0.049   0.054   0.059   0.066   0.072   0.078   0.083   0.089   0.095   0.101   0.106   
			0.052   0.057   0.063   0.069   0.075   0.081   0.087   0.093   0.099   0.105   0.110   
			0.056   0.060   0.066   0.072   0.078   0.084   0.090   0.096   0.102   0.109   0.114   
			0.059   0.064   0.069   0.075   0.082   0.088   0.094   0.100   0.106   0.112   0.117   
			0.062   0.067   0.073   0.079   0.085   0.092   0.098   0.104   0.110   0.116   0.122   
			0.066   0.071   0.077   0.083   0.089   0.096   0.102   0.108   0.114   0.121   0.126   
			0.070   0.075   0.081   0.087   0.093   0.100   0.106   0.112   0.119   0.125   0.130   
			0.074   0.079   0.085   0.091   0.098   0.104   0.110   0.117   0.123   0.129   0.135   
			0.078   0.083   0.089   0.095   0.102   0.109   0.115   0.121   0.127   0.134   0.139   
			0.082   0.087   0.093   0.100   0.106   0.113   0.119   0.126   0.132   0.139   0.144   
			0.086   0.092   0.098   0.104   0.111   0.118   0.124   0.130   0.137   0.143   0.149   
			0.091   0.096   0.102   0.109   0.116   0.122   0.129   0.135   0.142   0.148   0.154   
			0.095   0.101   0.107   0.114   0.121   0.127   0.134   0.140   0.147   0.154   0.159   
			0.100   0.106   0.112   0.119   0.126   0.132   0.139   0.146   0.152   0.159   0.165   
			0.105   0.111   0.117   0.124   0.131   0.138   0.144   0.151   0.157   0.164   0.170   
			0.110   0.116   0.122   0.129   0.136   0.143   0.150   0.157   0.163   0.170   0.176   
			0.115   0.121   0.128   0.135   0.142   0.149   0.155   0.162   0.169   0.176   0.182   
			0.121   0.127   0.133   0.140   0.147   0.154   0.161   0.168   0.175   0.182   0.188   
			0.127   0.132   0.139   0.146   0.153   0.160   0.167   0.174   0.181   0.188   0.194   
			0.132   0.138   0.145   0.152   0.159   0.166   0.173   0.180   0.187   0.194   0.200   
			0.138   0.144   0.151   0.158   0.165   0.172   0.179   0.186   0.193   0.200   0.206   
			0.144   0.150   0.157   0.164   0.171   0.179   0.186   0.193   0.200   0.207   0.213   
			0.150   0.156   0.163   0.170   0.178   0.185   0.192   0.199   0.207   0.214   0.220   
			0.157   0.163   0.170   0.177   0.184   0.192   0.199   0.206   0.213   0.221   0.227   
			0.163   0.169   0.176   0.184   0.191   0.198   0.205   0.213   0.220   0.228   0.234   
			0.170   0.176   0.183   0.190   0.198   0.205   0.213   0.220   0.228   0.235   0.241   
			0.177   0.183   0.190   0.198   0.205   0.213   0.220   0.228   0.235   0.242   0.248   
			0.184   0.190   0.197   0.205   0.212   0.220   0.227   0.235   0.242   0.250   0.256   
			0.191   0.197   0.204   0.212   0.220   0.227   0.235   0.242   0.250   0.258   0.264   
			0.198   0.204   0.212   0.219   0.227   0.235   0.242   0.250   0.258   0.265   0.271   
			0.205   0.212   0.219   0.227   0.234   0.242   0.250   0.258   0.265   0.273   0.279   
			0.213   0.220   0.227   0.235   0.242   0.250   0.258   0.266   0.274   0.281   0.287   
			0.221   0.227   0.235   0.242   0.250   0.258   0.266   0.274   0.281   0.289   0.295   
			0.229   0.235   0.243   0.250   0.258   0.266   0.274   0.282   0.290   0.298   0.304   
			0.237   0.244   0.251   0.259   0.266   0.275   0.283   0.290   0.298   0.306   0.313   
			0.245   0.252   0.259   0.267   0.275   0.283   0.291   0.299   0.307   0.315   0.321   
			0.253   0.260   0.268   0.276   0.283   0.292   0.300   0.308   0.316   0.324   0.330   
			0.262   0.269   0.276   0.284   0.292   0.300   0.308   0.316   0.325   0.333   0.339   
			0.271   0.277   0.285   0.293   0.301   0.309   0.317   0.325   0.334   0.342   0.349   
			0.279   0.286   0.294   0.302   0.310   0.318   0.327   0.334   0.343   0.351   0.358   
			0.288   0.295   0.302   0.311   0.319   0.327   0.336   0.344   0.352   0.360   0.367   
			0.297   0.304   0.312   0.320   0.328   0.337   0.345   0.353   0.362   0.370   0.377   
			0.306   0.313   0.321   0.329   0.338   0.346   0.355   0.363   0.371   0.380   0.387   
			0.315   0.322   0.330   0.339   0.347   0.356   0.364   0.372   0.381   0.389   0.396   
			0.325   0.332   0.340   0.348   0.357   0.365   0.374   0.382   0.391   0.399   0.406   
			0.334   0.341   0.349   0.358   0.366   0.375   0.384   0.392   0.400   0.409   0.416   
			0.344   0.351   0.359   0.368   0.376   0.385   0.393   0.402   0.410   0.419   0.426   
			0.354   0.361   0.369   0.378   0.386   0.395   0.404   0.412   0.421   0.430   0.437   
			0.364   0.371   0.379   0.388   0.396   0.405   0.414   0.422   0.431   0.440   0.447   
			0.374   0.381   0.389   0.398   0.407   0.416   0.424   0.433   0.442   0.450   0.457   
			0.384   0.391   0.400   0.408   0.417   0.426   0.435   0.443   0.452   0.461   0.468   
			0.394   0.401   0.410   0.419   0.428   0.436   0.445   0.454   0.463   0.471   0.479   
			0.405   0.412   0.421   0.429   0.438   0.447   0.456   0.465   0.474   0.482   0.490   
			0.415   0.422   0.431   0.440   0.449   0.458   0.467   0.475   0.485   0.493   0.501   
			0.426   0.433   0.441   0.450   0.459   0.469   0.478   0.486   0.495   0.504   0.512   
			0.437   0.444   0.452   0.462   0.471   0.480   0.489   0.498   0.507   0.516   0.524   
			0.447   0.454   0.463   0.472   0.481   0.491   0.500   0.508   0.518   0.526   0.534   
			0.458   0.465   0.474   0.483   0.492   0.501   0.510   0.519   0.529   0.537   0.545   
			0.469   0.476   0.485   0.494   0.503   0.513   0.522   0.531   0.540   0.549   0.557   
			0.480   0.487   0.496   0.505   0.514   0.524   0.533   0.542   0.551   0.560   0.569   
			0.491   0.498   0.507   0.516   0.526   0.535   0.544   0.553   0.563   0.572   0.581   
			0.502   0.509   0.518   0.527   0.537   0.546   0.555   0.565   0.574   0.584   0.591   
			0.513   0.520   0.529   0.538   0.548   0.558   0.567   0.576   0.586   0.596   0.603   
			0.524   0.531   0.540   0.549   0.559   0.570   0.578   0.588   0.598   0.608   0.616   
			0.535   0.542   0.551   0.561   0.571   0.581   0.590   0.600   0.610   0.620   0.628   
			0.546   0.554   0.563   0.572   0.583   0.593   0.602   0.612   0.622   0.632   0.640   
			0.557   0.565   0.574   0.583   0.594   0.605   0.614   0.624   0.634   0.644   0.652   
			0.569   0.576   0.586   0.595   0.606   0.617   0.626   0.636   0.647   0.657   0.665   
			0.581   0.588   0.598   0.608   0.618   0.629   0.638   0.648   0.658   0.669   0.677   
			0.592   0.600   0.610   0.620   0.630   0.641   0.650   0.660   0.671   0.681   0.690   
			0.604   0.612   0.622   0.632   0.643   0.653   0.663   0.673   0.683   0.694   0.702   
			0.616   0.624   0.634   0.644   0.655   0.665   0.675   0.685   0.696   0.707   0.715   
			0.628   0.636   0.646   0.656   0.667   0.678   0.687   0.698   0.708   0.719   0.727   
			0.640   0.648   0.658   0.669   0.679   0.690   0.700   0.710   0.721   0.732   0.740   
			0.652   0.660   0.670   0.681   0.691   0.702   0.712   0.722   0.733   0.744   0.753   
			0.664   0.672   0.682   0.693   0.704   0.715   0.724   0.735   0.746   0.757   0.765   
			0.676   0.684   0.695   0.706   0.716   0.727   0.737   0.748   0.758   0.769   0.778   
			0.688   0.696   0.707   0.718   0.729   0.739   0.749   0.760   0.771   0.781   0.790   
			0.701   0.709   0.719   0.730   0.741   0.752   0.762   0.772   0.783   0.794   0.802   
			0.713   0.721   0.732   0.743   0.754   0.764   0.774   0.785   0.795   0.806   0.814   
			0.725   0.733   0.744   0.754   0.766   0.776   0.786   0.796   0.807   0.817   0.826   
			0.738   0.746   0.756   0.767   0.778   0.789   0.798   0.809   0.819   0.829   0.837   
			0.750   0.758   0.768   0.779   0.790   0.801   0.810   0.820   0.831   0.841   0.848   
			0.763   0.770   0.780   0.792   0.803   0.814   0.823   0.832   0.843   0.853   0.860   
			0.774   0.783   0.793   0.804   0.816   0.827   0.835   0.844   0.855   0.864   0.871   
			0.787   0.795   0.805   0.816   0.828   0.839   0.847   0.856   0.867   0.876   0.882   
			0.799   0.808   0.817   0.828   0.840   0.851   0.859   0.868   0.879   0.888   0.894   
			0.811   0.819   0.829   0.839   0.850   0.860   0.869   0.878   0.888   0.898   0.904   
		}

		OFFSET_FORMAT
		{
			Bilinear_Interpulation
			101 11:
#zoom points
			0.990   0.980   0.970   0.961   0.951   0.941   0.931   0.921   0.912   0.902   0.892   0.882   0.872   0.863   0.853   0.843   0.833   0.823   0.814   0.804   0.794   0.784   0.774   0.765   0.755   0.745   0.735   0.725   0.716   0.706   0.696   0.686   0.676   0.667   0.657   0.647   0.637   0.627   0.618   0.608   0.598   0.588   0.578   0.569   0.559   0.549   0.539   0.529   0.520   0.510   0.500   0.490   0.480   0.471   0.461   0.451   0.441   0.431   0.422   0.412   0.402   0.392   0.382   0.373   0.363   0.353   0.343   0.333   0.324   0.314   0.304   0.294   0.284   0.275   0.265   0.255   0.245   0.235   0.226   0.216   0.206   0.196   0.186   0.177   0.167   0.157   0.147   0.137   0.128   0.118   0.108   0.098   0.088   0.079   0.069   0.059   0.049   0.039   0.030   0.020   0.010   
#focus points
			0.100   0.090   0.080   0.070   0.060   0.050   0.040   0.030   0.020   0.010   0.000   
			5000  5000  5000  5000  5000  5000  5000  5000  5000  5000  5000  5000  5000  5000  5000  5000  5000  5000  5000  5000  5000  5000  5000  5000  5000  5000  5000  5000  5000  5000  5000  5000  5000  5000  5000  5000  5000  5000  5000  5000  5000  5000  5000  5000  5000  5000  5000  5000  5000  5000  5000  5000  5000  5000  5000  5000  5000  5000  5000  5000  5000  5000  5000  5000  5000  5000  5000  5000  5000  5000  5000  5000  5000  5000  5000  5000  5000  5000  5000  5000  5000  5000  5000  5000  5000  5000  5000  5000  5000  5000  5000  5000  5000  5000  5000  5000  5000  5000  5000  5000  5000  5000  
#data points
			-1.135   -1.044   -0.933   -0.820   -0.702   -0.587   -0.502   -0.424   -0.360   -0.310   -0.280   
			-1.114   -1.023   -0.911   -0.795   -0.680   -0.571   -0.489   -0.413   -0.352   -0.304   -0.275   
			-1.096   -1.005   -0.891   -0.774   -0.660   -0.555   -0.476   -0.402   -0.344   -0.298   -0.270   
			-1.075   -0.982   -0.867   -0.748   -0.637   -0.536   -0.461   -0.390   -0.335   -0.292   -0.265   
			-1.050   -0.956   -0.839   -0.718   -0.611   -0.515   -0.443   -0.376   -0.325   -0.284   -0.259   
			-1.012   -0.916   -0.799   -0.684   -0.583   -0.493   -0.425   -0.361   -0.314   -0.276   -0.252   
			-0.981   -0.884   -0.766   -0.652   -0.555   -0.471   -0.407   -0.347   -0.304   -0.267   -0.245   
			-0.941   -0.844   -0.728   -0.617   -0.526   -0.447   -0.387   -0.332   -0.292   -0.258   -0.235   
			-0.899   -0.803   -0.689   -0.582   -0.497   -0.424   -0.369   -0.318   -0.281   -0.248   -0.225   
			-0.850   -0.757   -0.650   -0.548   -0.469   -0.402   -0.351   -0.304   -0.270   -0.238   -0.214   
			-0.800   -0.713   -0.611   -0.516   -0.442   -0.381   -0.334   -0.291   -0.259   -0.227   -0.204   
			-0.751   -0.668   -0.572   -0.484   -0.417   -0.362   -0.318   -0.278   -0.247   -0.216   -0.193   
			-0.700   -0.623   -0.535   -0.454   -0.393   -0.343   -0.303   -0.265   -0.234   -0.205   -0.183   
			-0.651   -0.580   -0.500   -0.426   -0.371   -0.325   -0.287   -0.252   -0.222   -0.194   -0.172   
			-0.606   -0.541   -0.467   -0.401   -0.350   -0.308   -0.272   -0.239   -0.209   -0.183   -0.163   
			-0.564   -0.503   -0.437   -0.377   -0.331   -0.291   -0.257   -0.225   -0.197   -0.173   -0.154   
			-0.526   -0.470   -0.410   -0.356   -0.313   -0.275   -0.242   -0.212   -0.186   -0.163   -0.146   
			-0.489   -0.437   -0.383   -0.334   -0.294   -0.259   -0.227   -0.199   -0.174   -0.153   -0.137   
			-0.455   -0.407   -0.359   -0.314   -0.276   -0.243   -0.213   -0.186   -0.164   -0.144   -0.129   
			-0.424   -0.381   -0.337   -0.296   -0.258   -0.228   -0.200   -0.174   -0.154   -0.135   -0.121   
			-0.396   -0.356   -0.315   -0.277   -0.241   -0.213   -0.187   -0.163   -0.145   -0.126   -0.113   
			-0.369   -0.332   -0.295   -0.259   -0.224   -0.199   -0.175   -0.153   -0.136   -0.118   -0.104   
			-0.345   -0.310   -0.276   -0.242   -0.209   -0.186   -0.164   -0.143   -0.128   -0.110   -0.096   
			-0.322   -0.289   -0.257   -0.226   -0.194   -0.173   -0.153   -0.133   -0.120   -0.102   -0.088   
			-0.300   -0.269   -0.239   -0.210   -0.181   -0.161   -0.143   -0.124   -0.111   -0.094   -0.081   
			-0.278   -0.249   -0.222   -0.195   -0.168   -0.150   -0.133   -0.114   -0.103   -0.086   -0.073   
			-0.258   -0.231   -0.206   -0.181   -0.156   -0.139   -0.123   -0.105   -0.094   -0.079   -0.066   
			-0.239   -0.214   -0.191   -0.168   -0.145   -0.129   -0.113   -0.096   -0.086   -0.072   -0.059   
			-0.220   -0.198   -0.177   -0.155   -0.134   -0.118   -0.103   -0.087   -0.078   -0.065   -0.053   
			-0.204   -0.183   -0.163   -0.143   -0.123   -0.109   -0.094   -0.079   -0.071   -0.058   -0.047   
			-0.187   -0.169   -0.150   -0.131   -0.112   -0.099   -0.085   -0.071   -0.063   -0.052   -0.042   
			-0.172   -0.155   -0.138   -0.119   -0.102   -0.090   -0.077   -0.064   -0.056   -0.046   -0.036   
			-0.158   -0.142   -0.126   -0.108   -0.093   -0.082   -0.069   -0.057   -0.050   -0.040   -0.031   
			-0.145   -0.130   -0.115   -0.098   -0.084   -0.074   -0.062   -0.051   -0.043   -0.034   -0.026   
			-0.132   -0.118   -0.104   -0.088   -0.076   -0.067   -0.055   -0.044   -0.036   -0.028   -0.021   
			-0.121   -0.107   -0.094   -0.079   -0.068   -0.060   -0.049   -0.038   -0.030   -0.023   -0.017   
			-0.109   -0.097   -0.085   -0.071   -0.061   -0.054   -0.043   -0.032   -0.024   -0.017   -0.012   
			-0.099   -0.088   -0.077   -0.063   -0.055   -0.048   -0.037   -0.027   -0.018   -0.012   -0.007   
			-0.089   -0.079   -0.069   -0.056   -0.048   -0.041   -0.030   -0.021   -0.013   -0.006   -0.003   
			-0.080   -0.071   -0.061   -0.049   -0.041   -0.035   -0.024   -0.015   -0.007   -0.002    0.001   
			-0.072   -0.063   -0.054   -0.042   -0.035   -0.029   -0.019   -0.010   -0.003    0.003    0.004   
			-0.064   -0.056   -0.047   -0.035   -0.029   -0.023   -0.013   -0.006    0.002    0.006    0.008   
			-0.056   -0.049   -0.040   -0.029   -0.023   -0.017   -0.008   -0.001    0.005    0.010    0.010   
			-0.049   -0.042   -0.033   -0.023   -0.018   -0.012   -0.004    0.003    0.009    0.012    0.013   
			-0.041   -0.035   -0.026   -0.018   -0.013   -0.008    0.001    0.007    0.012    0.015    0.016   
			-0.035   -0.028   -0.020   -0.013   -0.009   -0.003    0.004    0.010    0.015    0.018    0.018   
			-0.028   -0.022   -0.014   -0.008   -0.006    0.000    0.007    0.013    0.018    0.020    0.021   
			-0.022   -0.015   -0.008   -0.004   -0.002    0.004    0.011    0.015    0.021    0.023    0.024   
			-0.016   -0.010   -0.004    0.000    0.001    0.007    0.014    0.018    0.024    0.025    0.027   
			-0.011   -0.005    0.001    0.003    0.004    0.010    0.017    0.021    0.027    0.028    0.031   
			-0.006   -0.001    0.004    0.007    0.008    0.013    0.020    0.023    0.029    0.031    0.034   
			-0.002    0.003    0.007    0.010    0.011    0.016    0.024    0.026    0.031    0.033    0.037   
			 0.002    0.007    0.010    0.013    0.014    0.020    0.027    0.029    0.033    0.036    0.040   
			 0.006    0.010    0.014    0.017    0.018    0.023    0.030    0.031    0.035    0.038    0.042   
			 0.009    0.014    0.017    0.020    0.021    0.026    0.033    0.033    0.037    0.040    0.044   
			 0.013    0.017    0.020    0.023    0.025    0.029    0.035    0.035    0.039    0.043    0.046   
			 0.017    0.020    0.023    0.026    0.028    0.031    0.038    0.038    0.041    0.045    0.048   
			 0.021    0.024    0.027    0.029    0.030    0.033    0.040    0.040    0.043    0.047    0.050   
			 0.024    0.027    0.030    0.032    0.033    0.036    0.042    0.043    0.046    0.049    0.052   
			 0.027    0.029    0.033    0.035    0.036    0.038    0.044    0.045    0.048    0.051    0.054   
			 0.030    0.032    0.036    0.037    0.039    0.041    0.047    0.048    0.051    0.052    0.055   
			 0.033    0.034    0.038    0.040    0.041    0.043    0.049    0.050    0.053    0.054    0.057   
			 0.036    0.037    0.041    0.043    0.044    0.046    0.051    0.053    0.055    0.056    0.058   
			 0.038    0.039    0.044    0.046    0.047    0.049    0.053    0.055    0.057    0.057    0.060   
			 0.041    0.041    0.046    0.049    0.049    0.051    0.055    0.057    0.059    0.059    0.062   
			 0.044    0.044    0.048    0.051    0.052    0.053    0.058    0.059    0.061    0.061    0.065   
			 0.047    0.046    0.050    0.053    0.054    0.055    0.059    0.061    0.063    0.063    0.067   
			 0.050    0.048    0.052    0.055    0.056    0.057    0.061    0.063    0.065    0.065    0.069   
			 0.052    0.051    0.054    0.057    0.058    0.060    0.063    0.065    0.068    0.068    0.071   
			 0.054    0.053    0.055    0.058    0.060    0.062    0.065    0.067    0.069    0.070    0.073   
			 0.056    0.055    0.057    0.060    0.062    0.064    0.067    0.069    0.071    0.072    0.075   
			 0.058    0.057    0.059    0.062    0.064    0.066    0.069    0.071    0.073    0.074    0.077   
			 0.060    0.059    0.061    0.063    0.066    0.068    0.070    0.073    0.075    0.076    0.079   
			 0.062    0.061    0.063    0.065    0.067    0.070    0.072    0.074    0.077    0.078    0.081   
			 0.064    0.062    0.065    0.066    0.069    0.072    0.074    0.076    0.079    0.081    0.084   
			 0.066    0.064    0.066    0.068    0.071    0.074    0.076    0.079    0.082    0.084    0.087   
			 0.068    0.066    0.068    0.069    0.073    0.076    0.078    0.081    0.085    0.087    0.090   
			 0.070    0.067    0.070    0.071    0.075    0.079    0.081    0.084    0.088    0.090    0.093   
			 0.071    0.069    0.072    0.073    0.078    0.082    0.083    0.087    0.091    0.094    0.097   
			 0.073    0.070    0.074    0.076    0.081    0.085    0.087    0.091    0.095    0.098    0.100   
			 0.075    0.073    0.077    0.079    0.084    0.088    0.090    0.094    0.098    0.102    0.104   
			 0.077    0.075    0.080    0.082    0.087    0.091    0.093    0.098    0.102    0.105    0.108   
			 0.079    0.078    0.083    0.085    0.091    0.094    0.097    0.101    0.105    0.109    0.111   
			 0.082    0.082    0.086    0.089    0.095    0.098    0.100    0.105    0.109    0.113    0.115   
			 0.085    0.085    0.090    0.093    0.098    0.101    0.103    0.108    0.113    0.117    0.119   
			 0.088    0.089    0.094    0.097    0.102    0.105    0.107    0.112    0.116    0.121    0.122   
			 0.092    0.093    0.097    0.101    0.106    0.108    0.110    0.115    0.120    0.125    0.126   
			 0.095    0.096    0.101    0.105    0.109    0.112    0.114    0.119    0.124    0.129    0.130   
			 0.099    0.100    0.105    0.109    0.113    0.116    0.118    0.122    0.128    0.132    0.133   
			 0.103    0.104    0.108    0.113    0.117    0.120    0.122    0.126    0.131    0.135    0.137   
			 0.106    0.108    0.112    0.117    0.121    0.124    0.125    0.130    0.134    0.138    0.140   
			 0.110    0.112    0.116    0.120    0.125    0.127    0.129    0.133    0.137    0.141    0.142   
			 0.114    0.116    0.119    0.124    0.128    0.131    0.132    0.136    0.140    0.142    0.144   
			 0.118    0.119    0.122    0.126    0.131    0.133    0.135    0.138    0.142    0.144    0.144   
			 0.121    0.122    0.125    0.129    0.133    0.136    0.137    0.140    0.143    0.144    0.144   
			 0.125    0.125    0.128    0.132    0.136    0.138    0.139    0.141    0.143    0.143    0.143   
			 0.128    0.128    0.130    0.134    0.137    0.139    0.139    0.140    0.142    0.142    0.142   
			 0.130    0.131    0.132    0.135    0.138    0.140    0.139    0.140    0.141    0.140    0.140   
			 0.132    0.133    0.133    0.136    0.138    0.140    0.138    0.138    0.139    0.138    0.138   
			 0.134    0.135    0.134    0.136    0.138    0.139    0.137    0.136    0.138    0.136    0.136   
			 0.136    0.137    0.134    0.136    0.137    0.139    0.136    0.135    0.136    0.134    0.134   
		}
	}
}
